Chr	SNP	bp	refA	freq	b	se	p	n	freq_geno	bJ	bJ_se	pJ	LD_r
2	rs12616536	45956545	A	0.0042	0.9649	0.1927	5.52088e-07	968468	0.0045	0.9649	0.192702	5.52267e-07	0
2	rs13415932	211478366	C	0.0396	-0.4076	0.0818	6.26432e-07	591030	0.0361667	-0.4076	0.0818016	6.26757e-07	0
3	rs75405916	120972200	C	0.0004	2.8485	0.5716	6.24831e-07	1.15133e+06	0.00075	2.88948	0.571659	4.31379e-07	-0.0165942
3	rs9864772	128316939	G	0.605	0.1492	0.0286	1.82057e-07	769452	0.592924	0.151161	0.0286031	1.25853e-07	0
3	rs77249081	159633461	G	0.0075	1.2378	0.2362	1.60165e-07	362158	0.000583528	1.19572	0.236471	4.26974e-07	0.0658305
3	rs74676712	160284736	T	0.1061	0.2682	0.0454	3.47362e-09	769389	0.0976366	0.254542	0.0454512	2.13937e-08	-0.0124708
3	rs12491785	168846701	T	0.6062	-0.1658	0.0283	4.66625e-09	786680	0.593745	-0.16568	0.0283053	4.81811e-09	0
4	rs1548483	105749895	T	0.0391	0.6964	0.0738	3.86122e-21	734956	0.0323633	0.6964	0.0738044	3.8821e-21	0
5	rs60833263	1100831	A	0.5462	-0.1397	0.0287	1.12964e-06	736695	0.54592	-0.145157	0.0287928	4.62008e-07	-0.0113236
5	rs4131149	1138335	G	0.4279	0.1511	0.0295	3.02258e-07	706004	0.395711	0.151584	0.0295181	2.81697e-07	-0.0204099
5	rs7705526	1285974	A	0.3376	0.4592	0.0314	1.9686e-48	681967	0.316956	0.359914	0.0333251	3.43953e-27	-0.3481
5	rs2853677	1287194	A	0.5773	-0.3712	0.0285	8.87093e-39	758684	0.580083	-0.26964	0.0302872	5.44697e-19	0
5	rs56084922	111061883	G	0.0729	-0.287	0.0586	9.70089e-07	648062	0.0793333	-0.287	0.058601	9.70518e-07	0
6	rs9275373	32668411	A	0.111	0.2444	0.0481	3.75293e-07	658794	0.115462	0.239662	0.0481078	6.30069e-07	0.018044
6	rs116466979	34235378	C	0.0453	0.4024	0.0681	3.4428e-09	749898	0.0456366	0.396661	0.0681113	5.75503e-09	0
7	rs1860826	2112506	A	0.3545	0.1502	0.0297	4.2537e-07	745146	0.361323	0.1502	0.0297005	4.25556e-07	0
7	rs62471615	130746955	A	0.7047	-0.2558	0.0316	5.72941e-16	723770	0.736293	-0.2558	0.0316014	5.74642e-16	0
9	rs7868130	4998401	T	0.2695	0.6917	0.0304	1.33134e-114	826197	0.256011	0.655268	0.0312174	8.00953e-98	0.229943
9	rs75035022	5149250	T	0.0311	0.7771	0.0764	2.65877e-24	855073	0.0192275	0.404974	0.0784344	2.4273e-07	0
9	rs621940	135870130	G	0.1572	0.2168	0.0368	3.83159e-09	838283	0.156234	0.2168	0.0368007	3.83434e-09	0
11	rs1800057	108143456	G	0.0262	0.4763	0.0801	2.74243e-09	918816	0.0290833	0.4763	0.0801015	2.74429e-09	0
12	rs7310615	111865049	G	0.515	-0.2648	0.0286	2.06856e-20	736122	0.516359	-0.2648	0.0286016	2.07891e-20	0
13	rs7323267	41204015	C	0.2031	0.1778	0.0336	1.21207e-07	823142	0.209621	0.1778	0.0336006	1.21264e-07	0
13	rs9545761	82102166	C	0.6023	-0.1399	0.0283	7.6747e-07	784019	0.622843	-0.1399	0.0283004	7.67761e-07	0
14	rs144202762	28341915	A	0.006	0.8387	0.1676	5.61013e-07	897809	0.000500083	0.8387	0.167602	5.61208e-07	0
20	rs816925	62651978	A	0.4356	-0.1462	0.0296	7.84481e-07	698246	0.428475	-0.1462	0.0296005	7.84814e-07	0
21	rs55857134	36347627	C	0.3339	0.1731	0.0302	9.93774e-09	741468	0.326323	0.1731	0.0302006	9.94496e-09	0
22	rs17879961	29121087	G	0.0174	0.953	0.1941	9.11506e-07	233486	8.33333e-05	0.953	0.19411	9.12636e-07	0
