Chr	SNP	bp	refA	freq	b	se	p_GC	n	freq_geno	bJ	bJ_se	pJ_GC	LD_r
3	rs74676712	160284736	T	0.1061	0.2682	0.0454	3.47362e-09	769389	0.0976366	0.26496	0.0454045	5.36137e-09	-0.0124708
3	rs12491785	168846701	T	0.6062	-0.1658	0.0283	4.66625e-09	786680	0.593745	-0.163763	0.0283028	7.20318e-09	0
4	rs1548483	105749895	T	0.0391	0.6964	0.0738	3.86122e-21	734956	0.0323633	0.6964	0.0738044	3.8821e-21	0
5	rs7705526	1285974	A	0.3376	0.4592	0.0314	1.9686e-48	681967	0.316956	0.363852	0.033269	7.69806e-28	-0.3481
5	rs2853677	1287194	A	0.5773	-0.3712	0.0285	8.87093e-39	758684	0.580083	-0.262213	0.030195	3.82154e-18	0
6	rs116466979	34235378	C	0.0453	0.4024	0.0681	3.4428e-09	749898	0.0456366	0.4024	0.0681015	3.44559e-09	0
7	rs62471615	130746955	A	0.7047	-0.2558	0.0316	5.72941e-16	723770	0.736293	-0.2558	0.0316014	5.74642e-16	0
9	rs7868130	4998401	T	0.2695	0.6917	0.0304	1.33134e-114	826197	0.256011	0.6917	0.0304095	1.56563e-114	0
9	rs621940	135870130	G	0.1572	0.2168	0.0368	3.83159e-09	838283	0.156234	0.2168	0.0368007	3.83434e-09	0
11	rs1800057	108143456	G	0.0262	0.4763	0.0801	2.74243e-09	918816	0.0290833	0.4763	0.0801015	2.74429e-09	0
12	rs7310615	111865049	G	0.515	-0.2648	0.0286	2.06856e-20	736122	0.516359	-0.2648	0.0286016	2.07891e-20	0
21	rs55857134	36347627	C	0.3339	0.1731	0.0302	9.93774e-09	741468	0.326323	0.1731	0.0302006	9.94496e-09	0
