Chr	SNP	bp	refA	freq	b	se	p	n	freq_geno	bJ	bJ_se	pJ	LD_r
2	rs12616536	45956545	A	0.0042	0.8979	0.1828	9.01863e-07	1.061e+06	0.0045	0.8979	0.182802	9.02109e-07	0
3	rs75405916	120972200	C	0.0004	2.8275	0.5713	7.45044e-07	1.13626e+06	0.00075	2.87038	0.571365	5.06783e-07	-0.0165942
3	rs9864772	128316939	G	0.6075	0.139	0.027	2.63071e-07	853048	0.592924	0.140951	0.0270032	1.79144e-07	0
3	rs77249081	159633461	G	0.0096	1.3079	0.2012	8.00551e-11	385226	0.000583528	1.26944	0.201429	2.93465e-10	0.0658305
3	rs74676712	160284736	T	0.1138	0.2626	0.0419	3.67355e-10	837487	0.0976366	0.247806	0.0419463	3.46909e-09	-0.0126124
3	rs9847631	168832107	G	0.6021	-0.1537	0.0265	6.63149e-09	881353	0.592349	-0.153873	0.0265048	6.41813e-09	0
4	rs62329718	105758059	A	0.0374	0.7468	0.0696	7.36878e-27	850170	0.0309675	0.7468	0.0696047	7.42643e-27	0
5	rs60833263	1100831	A	0.5499	-0.1321	0.0271	1.09063e-06	815749	0.54592	-0.138438	0.0271869	3.5415e-07	-0.00600932
5	rs7713981	1137320	A	0.4369	0.1607	0.0275	5.10735e-09	796983	0.397396	0.158985	0.0275147	7.55196e-09	-0.0150544
5	rs7705526	1285974	A	0.3358	0.4571	0.0295	3.75456e-54	763731	0.316956	0.356166	0.0313368	6.19335e-30	-0.3481
5	rs2853677	1287194	A	0.5824	-0.3762	0.027	3.97368e-44	836162	0.580083	-0.272842	0.0287241	2.12454e-21	0
5	rs250763	76086597	T	0.2305	0.1514	0.0309	9.59946e-07	875573	0.209929	0.1514	0.0309004	9.60261e-07	0
6	rs116466979	34235378	C	0.0453	0.4031	0.0682	3.40952e-09	737134	0.0456366	0.4031	0.0682016	3.41234e-09	0
7	rs1860826	2112506	A	0.3536	0.139	0.0279	6.29048e-07	833423	0.361323	0.139	0.0279004	6.29279e-07	0
7	rs62471615	130746955	A	0.6963	-0.2634	0.0297	7.40135e-19	794884	0.736293	-0.2634	0.0297015	7.43019e-19	0
9	rs1327494	4999303	G	0.2735	0.6945	0.0288	1.7577e-128	899170	0.256214	0.6945	0.0288093	2.12107e-128	0
9	rs1633768	135879138	T	0.2708	0.1786	0.0293	1.09053e-09	874685	0.26793	0.1786	0.0293006	1.09139e-09	0
11	rs1800057	108143456	G	0.0255	0.4994	0.0785	1.99424e-10	968325	0.0290833	0.4994	0.0785016	1.99593e-10	0
12	rs7310615	111865049	G	0.5232	-0.2421	0.027	3.05623e-19	815317	0.516359	-0.2421	0.0270013	3.06837e-19	0
13	rs8002412	41331497	C	0.1803	0.1856	0.0333	2.49566e-08	904787	0.184484	0.1856	0.0333006	2.49699e-08	0
14	rs144202762	28341915	A	0.006	0.8389	0.1676	5.57549e-07	885121	0.000500083	0.8389	0.167602	5.57745e-07	0
14	rs17099613	101164715	A	0.1128	-0.2292	0.0455	4.7199e-07	715701	0.0883437	-0.2292	0.0455008	4.72202e-07	0
18	rs9946154	22810619	C	0.3564	-0.1371	0.0276	6.78596e-07	848625	0.365603	-0.1371	0.0276004	6.78838e-07	0
21	rs55857134	36347627	C	0.3353	0.1606	0.0284	1.5591e-08	824874	0.326323	0.1606	0.0284005	1.56007e-08	0
22	rs17879961	29121087	G	0.0221	0.8032	0.1514	1.12579e-07	299311	8.33333e-05	0.8032	0.151407	1.12728e-07	0
