Chr	SNP	bp	refA	freq	b	se	p_GC	n	freq_geno	bJ	bJ_se	pJ_GC	LD_r
3	rs77249081	159633461	G	0.0096	1.3079	0.2012	8.00551e-11	385226	0.000583528	1.26944	0.201429	2.93465e-10	0.0658305
3	rs74676712	160284736	T	0.1138	0.2626	0.0419	3.67355e-10	837487	0.0976366	0.247806	0.0419463	3.46909e-09	-0.0126124
3	rs9847631	168832107	G	0.6021	-0.1537	0.0265	6.63149e-09	881353	0.592349	-0.153873	0.0265048	6.41813e-09	0
4	rs62329718	105758059	A	0.0374	0.7468	0.0696	7.36878e-27	850170	0.0309675	0.7468	0.0696047	7.42643e-27	0
5	rs7713981	1137320	A	0.4369	0.1607	0.0275	5.10735e-09	796983	0.397396	0.160162	0.0275138	5.84398e-09	-0.0150544
5	rs7705526	1285974	A	0.3358	0.4571	0.0295	3.75456e-54	763731	0.316956	0.364402	0.031295	2.45903e-31	-0.3481
5	rs2853677	1287194	A	0.5824	-0.3762	0.027	3.97368e-44	836162	0.580083	-0.261981	0.0286448	5.91627e-20	0
6	rs116466979	34235378	C	0.0453	0.4031	0.0682	3.40952e-09	737134	0.0456366	0.4031	0.0682016	3.41234e-09	0
7	rs62471615	130746955	A	0.6963	-0.2634	0.0297	7.40135e-19	794884	0.736293	-0.2634	0.0297015	7.43019e-19	0
9	rs1327494	4999303	G	0.2735	0.6945	0.0288	1.7577e-128	899170	0.256214	0.6945	0.0288093	2.12107e-128	0
9	rs1633768	135879138	T	0.2708	0.1786	0.0293	1.09053e-09	874685	0.26793	0.1786	0.0293006	1.09139e-09	0
11	rs1800057	108143456	G	0.0255	0.4994	0.0785	1.99424e-10	968325	0.0290833	0.4994	0.0785016	1.99593e-10	0
12	rs7310615	111865049	G	0.5232	-0.2421	0.027	3.05623e-19	815317	0.516359	-0.2421	0.0270013	3.06837e-19	0
13	rs8002412	41331497	C	0.1803	0.1856	0.0333	2.49566e-08	904787	0.184484	0.1856	0.0333006	2.49699e-08	0
21	rs55857134	36347627	C	0.3353	0.1606	0.0284	1.5591e-08	824874	0.326323	0.1606	0.0284005	1.56007e-08	0
