#HSPC_H3K27Ac_peaks Enhancers
#Created from /broad/sankaranlab/xliao/MPN/HSPC_H3K27Ac/Jianxu/rose_o/HSPC_H3K27Ac_peaks_12KB_STITCHED_TSS_DISTAL_ENHANCER_REGION_MAP.txt
#Ranked by HSPC_H3K27Ac.no_duplicates.bam
#Using cutoff of 9730.1403 for Super-Enhancers
#Created on Sep 29 2019 
REGION_ID	CHROM	START	STOP	NUM_LOCI	CONSTITUENT_SIZE	HSPC_H3K27Ac.no_duplicates.bam	enhancerRank	isSuper
24_HSPC_H3K27Ac_peak_25281_lociStitched	chr16	46386808	46435578	24	10474	131123.022	1	1
23_HSPC_H3K27Ac_peak_6768_lociStitched	chr1	235047651	235130937	23	10590	98685.5814	2	1
17_HSPC_H3K27Ac_peak_26026_lociStitched	chr16	75072100	75145116	17	8637	88035.3912	3	1
20_HSPC_H3K27Ac_peak_55785_lociStitched	chr6	6677446	6759975	20	8196	87092.8537	4	1
24_HSPC_H3K27Ac_peak_31514_lociStitched	chr18	74764660	74837155	24	9632	85703.589	5	1
16_HSPC_H3K27Ac_peak_35887_lociStitched	chr2	43384780	43447109	16	10618	83028.4609	6	1
11_HSPC_H3K27Ac_peak_28979_lociStitched	chr17	56381382	56422496	11	6607	82758.3706	7	1
6_HSPC_H3K27Ac_peak_12248_lociStitched	chr11	67036368	67055855	6	4848	82394.9334	8	1
19_HSPC_H3K27Ac_peak_11170_lociStitched	chr11	33902293	33982356	19	11296	75555.4531	9	1
13_HSPC_H3K27Ac_peak_10298_lociStitched	chr10	134177773	134261882	13	11592	69928.2226	10	1
21_HSPC_H3K27Ac_peak_67069_lociStitched	chr9	79173729	79281607	21	8348	69613.6734	11	1
17_HSPC_H3K27Ac_peak_8643_lociStitched	chr10	70787119	70862083	17	8086	69416.664	12	1
21_HSPC_H3K27Ac_peak_40825_lociStitched	chr20	10427236	10502545	21	9933	67740.4455	13	1
22_HSPC_H3K27Ac_peak_41951_lociStitched	chr20	52195097	52277172	22	9694	66817.2575	14	1
14_HSPC_H3K27Ac_peak_8161_lociStitched	chr10	42380067	42409519	14	5780	64211.2504	15	1
17_HSPC_H3K27Ac_peak_67118_lociStitched	chr9	80506461	80576465	17	6771	64011.6576	16	1
15_HSPC_H3K27Ac_peak_14473_lociStitched	chr12	11876940	11928785	15	5979	62856.878	17	1
16_HSPC_H3K27Ac_peak_37087_lociStitched	chr2	87783545	87849528	16	6387	61634.7203	18	1
16_HSPC_H3K27Ac_peak_23044_lociStitched	chr15	78326695	78375480	16	7123	59063.9995	19	1
12_HSPC_H3K27Ac_peak_35846_lociStitched	chr2	43124597	43161820	12	5212	58924.009	20	1
14_HSPC_H3K27Ac_peak_6740_lociStitched	chr1	234859278	234915210	14	6392	57800.1288	21	1
16_HSPC_H3K27Ac_peak_3842_lociStitched	chr1	145236613	145290891	16	6501	57773.5032	22	1
8_HSPC_H3K27Ac_peak_35860_lociStitched	chr2	43176676	43202866	8	3158	56318.976	23	1
21_HSPC_H3K27Ac_peak_13789_lociStitched	chr11	128523292	128604796	21	11152	55781.3376	24	1
9_HSPC_H3K27Ac_peak_44698_lociStitched	chr22	46987838	47018272	9	5024	55526.833	25	1
18_HSPC_H3K27Ac_peak_47500_lociStitched	chr3	127448752	127521170	18	8115	55233.2086	26	1
21_HSPC_H3K27Ac_peak_62726_lociStitched	chr7	142131204	142197844	21	9267	54651.464	27	1
10_HSPC_H3K27Ac_peak_20871_lociStitched	chr14	93115860	93142903	10	5283	53753.3711	28	1
17_HSPC_H3K27Ac_peak_29070_lociStitched	chr17	57861695	57936782	17	7531	53619.6267	29	1
15_HSPC_H3K27Ac_peak_8351_lociStitched	chr10	49664324	49732125	15	8438	53264.4656	30	1
10_HSPC_H3K27Ac_peak_21304_lociStitched	chr14	106345335	106376198	10	6203	52380.6836	31	1
15_HSPC_H3K27Ac_peak_3675_lociStitched	chr1	120524143	120575044	15	6346	52132.8042	32	1
14_HSPC_H3K27Ac_peak_8821_lociStitched	chr10	74042192	74095345	14	6180	51138.5013	33	1
14_HSPC_H3K27Ac_peak_12539_lociStitched	chr11	72863977	72917479	14	7394	51126.5112	34	1
12_HSPC_H3K27Ac_peak_33529_lociStitched	chr19	39142367	39185995	12	5686	51105.8392	35	1
12_HSPC_H3K27Ac_peak_36715_lociStitched	chr2	70321367	70370981	12	9539	50740.2378	36	1
10_HSPC_H3K27Ac_peak_28913_lociStitched	chr17	55518535	55565145	10	5269	50567.189	37	1
13_HSPC_H3K27Ac_peak_49247_lociStitched	chr3	195886547	195948014	13	8214	49935.7908	38	1
13_HSPC_H3K27Ac_peak_29618_lociStitched	chr17	73291354	73343140	13	6620	49828.4892	39	1
9_HSPC_H3K27Ac_peak_14475_lociStitched	chr12	11948915	11975373	9	4342	49463.231	40	1
14_HSPC_H3K27Ac_peak_55620_lociStitched	chr6	2783009	2822021	14	7393	49217.5392	41	1
14_HSPC_H3K27Ac_peak_48591_lociStitched	chr3	171668383	171718586	14	5804	48596.504	42	1
10_HSPC_H3K27Ac_peak_59809_lociStitched	chr7	5452660	5481844	10	5523	48480.4608	43	1
14_HSPC_H3K27Ac_peak_59060_lociStitched	chr6	147176729	147236995	14	6706	47742.7252	44	1
16_HSPC_H3K27Ac_peak_2622_lociStitched	chr1	66815528	66911937	16	9861	47201.8464	45	1
11_HSPC_H3K27Ac_peak_23778_lociStitched	chr15	101655907	101715702	11	7793	46843.403	46	1
9_HSPC_H3K27Ac_peak_32989_lociStitched	chr19	18400939	18439894	9	6831	46492.7925	47	1
8_HSPC_H3K27Ac_peak_54818_lociStitched	chr5	150142241	150181281	8	6006	46406.848	48	1
15_HSPC_H3K27Ac_peak_23493_lociStitched	chr15	91351918	91415697	15	9365	45755.0546	49	1
7_HSPC_H3K27Ac_peak_55111_lociStitched	chr5	169694256	169730835	7	5412	45101.907	50	1
5_HSPC_H3K27Ac_peak_14153_lociStitched	chr12	6432680	6457434	5	3534	44693.347	51	1
11_HSPC_H3K27Ac_peak_42881_lociStitched	chr21	40355739	40389684	11	4902	44315.1975	52	1
10_HSPC_H3K27Ac_peak_61622_lociStitched	chr7	92250641	92287439	10	3503	43918.413	53	1
7_HSPC_H3K27Ac_peak_9072_lociStitched	chr10	80892053	80919167	7	3607	43813.5126	54	1
12_HSPC_H3K27Ac_peak_33286_lociStitched	chr19	33740078	33785183	12	8887	43769.892	55	1
10_HSPC_H3K27Ac_peak_54309_lociStitched	chr5	134695701	134727875	10	4504	43254.7256	56	1
11_HSPC_H3K27Ac_peak_40620_lociStitched	chr20	4032449	4072417	11	6424	43021.5552	57	1
16_HSPC_H3K27Ac_peak_50232_lociStitched	chr4	49093634	49158665	16	4493	42913.9569	58	1
10_HSPC_H3K27Ac_peak_49287_lociStitched	chr3	196336565	196361043	10	5564	42550.1074	59	1
13_HSPC_H3K27Ac_peak_27671_lociStitched	chr17	27451532	27482478	13	6762	42343.4118	60	1
8_HSPC_H3K27Ac_peak_31911_lociStitched	chr19	3125368	3165893	8	5026	42328.3625	61	1
15_HSPC_H3K27Ac_peak_36482_lociStitched	chr2	65038885	65092725	15	6737	42167.488	62	1
12_HSPC_H3K27Ac_peak_17101_lociStitched	chr12	122057598	122111269	12	6740	41890.2155	63	1
9_HSPC_H3K27Ac_peak_32542_lociStitched	chr19	12888727	12905068	9	5049	41788.8393	64	1
9_HSPC_H3K27Ac_peak_70239_lociStitched	chrX	65206387	65235723	9	5386	41756.8624	65	1
16_HSPC_H3K27Ac_peak_40984_lociStitched	chr20	20713805	20767914	16	8152	41739.6826	66	1
7_HSPC_H3K27Ac_peak_22890_lociStitched	chr15	75068958	75092410	7	5083	41697.656	67	1
10_HSPC_H3K27Ac_peak_65671_lociStitched	chr8	134497318	134551712	10	6003	41426.4704	68	1
5_HSPC_H3K27Ac_peak_28977_lociStitched	chr17	56350683	56363204	5	3213	41296.7622	69	1
9_HSPC_H3K27Ac_peak_55828_lociStitched	chr6	7130161	7166529	9	5172	41194.0336	70	1
11_HSPC_H3K27Ac_peak_68027_lociStitched	chr9	117126745	117160742	11	5834	41149.9688	71	1
10_HSPC_H3K27Ac_peak_34956_lociStitched	chr2	8655144	8685790	10	6063	40835.795	72	1
6_HSPC_H3K27Ac_peak_11489_lociStitched	chr11	47409974	47422734	6	4294	40817.964	73	1
11_HSPC_H3K27Ac_peak_69268_lociStitched	chrUn_gl000226	1	14937	11	3406	40634.8816	74	1
14_HSPC_H3K27Ac_peak_13598_lociStitched	chr11	122586513	122627666	14	6210	40432.8225	75	1
13_HSPC_H3K27Ac_peak_16961_lociStitched	chr12	118726469	118797404	13	5025	40418.763	76	1
14_HSPC_H3K27Ac_peak_61337_lociStitched	chr7	75226431	75280597	14	6942	40218.255	77	1
12_HSPC_H3K27Ac_peak_15938_lociStitched	chr12	68757061	68811632	12	6189	39765.8877	78	1
8_HSPC_H3K27Ac_peak_57116_lociStitched	chr6	35658944	35700410	8	5458	39392.7	79	1
10_HSPC_H3K27Ac_peak_32597_lociStitched	chr19	13250386	13293234	10	6633	39347.3184	80	1
17_HSPC_H3K27Ac_peak_12856_lociStitched	chr11	85845475	85914060	17	7789	39326.639	81	1
11_HSPC_H3K27Ac_peak_36959_lociStitched	chr2	85632362	85680897	11	5795	39119.21	82	1
18_HSPC_H3K27Ac_peak_48185_lociStitched	chr3	151909991	151976443	18	6114	38907.646	83	1
11_HSPC_H3K27Ac_peak_24584_lociStitched	chr16	17435624	17477487	11	4994	38857.2366	84	1
11_HSPC_H3K27Ac_peak_13713_lociStitched	chr11	126235598	126270448	11	4435	38547.585	85	1
13_HSPC_H3K27Ac_peak_56113_lociStitched	chr6	14897595	14933373	13	7346	38210.904	86	1
10_HSPC_H3K27Ac_peak_67326_lociStitched	chr9	91989984	92037854	10	4448	38200.26	87	1
10_HSPC_H3K27Ac_peak_47565_lociStitched	chr3	128303499	128337340	10	5031	38060.9727	88	1
5_HSPC_H3K27Ac_peak_32789_lociStitched	chr19	16249473	16261378	5	2695	37844.8045	89	1
9_HSPC_H3K27Ac_peak_13286_lociStitched	chr11	113945339	113982558	9	3369	37807.0602	90	1
18_HSPC_H3K27Ac_peak_54689_lociStitched	chr5	148126888	148197433	18	7157	37346.523	91	1
9_HSPC_H3K27Ac_peak_53958_lociStitched	chr5	118639997	118682039	9	4201	37333.296	92	1
14_HSPC_H3K27Ac_peak_69000_lociStitched	chr9	139405554	139459173	14	7658	37120.4337	93	1
7_HSPC_H3K27Ac_peak_65566_lociStitched	chr8	130676529	130703547	7	4520	36801.2178	94	1
11_HSPC_H3K27Ac_peak_37726_lociStitched	chr2	112166540	112197193	11	4432	36510.7883	95	1
5_HSPC_H3K27Ac_peak_25573_lociStitched	chr16	57709923	57735406	5	3877	36399.9172	96	1
8_HSPC_H3K27Ac_peak_54443_lociStitched	chr5	138838138	138875763	8	5296	36251.6875	97	1
14_HSPC_H3K27Ac_peak_41213_lociStitched	chr20	31116124	31172609	14	5499	36240.776	98	1
7_HSPC_H3K27Ac_peak_42693_lociStitched	chr21	36279122	36315436	7	3993	36157.8498	99	1
9_HSPC_H3K27Ac_peak_46753_lociStitched	chr3	71465255	71505866	9	3353	36095.0568	100	1
13_HSPC_H3K27Ac_peak_22049_lociStitched	chr15	50344452	50382135	13	4977	35761.167	101	1
8_HSPC_H3K27Ac_peak_12084_lociStitched	chr11	65239100	65268232	8	5287	35666.3076	102	1
7_HSPC_H3K27Ac_peak_25044_lociStitched	chr16	29652690	29677578	7	4800	35574.9072	103	1
9_HSPC_H3K27Ac_peak_40131_lociStitched	chr2	233940101	233965598	9	4137	35425.5318	104	1
12_HSPC_H3K27Ac_peak_24372_lociStitched	chr16	11691165	11734068	12	6408	35128.9764	105	1
19_HSPC_H3K27Ac_peak_26161_lociStitched	chr16	81719536	81790589	19	8243	34752.0223	106	1
10_HSPC_H3K27Ac_peak_31814_lociStitched	chr19	2056246	2090527	10	4293	34743.7935	107	1
8_HSPC_H3K27Ac_peak_65556_lociStitched	chr8	130587557	130606351	8	4679	34708.7592	108	1
11_HSPC_H3K27Ac_peak_6708_lociStitched	chr1	234610774	234668356	11	5690	34457.0688	109	1
9_HSPC_H3K27Ac_peak_4906_lociStitched	chr1	167570911	167620290	9	6961	34036.9447	110	1
6_HSPC_H3K27Ac_peak_25787_lociStitched	chr16	68098032	68125856	6	4289	34025.9696	111	1
6_HSPC_H3K27Ac_peak_4470_lociStitched	chr1	156460275	156475681	6	4011	34022.6104	112	1
6_HSPC_H3K27Ac_peak_39774_lociStitched	chr2	219252496	219272770	6	4361	33991.3884	113	1
9_HSPC_H3K27Ac_peak_57079_lociStitched	chr6	34997808	35018794	9	3824	33974.2354	114	1
11_HSPC_H3K27Ac_peak_22925_lociStitched	chr15	75321285	75365559	11	4394	33927.1662	115	1
7_HSPC_H3K27Ac_peak_58683_lociStitched	chr6	135504356	135531960	7	3055	33856.306	116	1
10_HSPC_H3K27Ac_peak_67337_lociStitched	chr9	92069932	92124391	10	5192	33819.039	117	1
10_HSPC_H3K27Ac_peak_64995_lociStitched	chr8	103780251	103822870	10	5201	33796.867	118	1
9_HSPC_H3K27Ac_peak_61866_lociStitched	chr7	101360686	101398284	9	4949	33657.7296	119	1
7_HSPC_H3K27Ac_peak_45599_lociStitched	chr3	32442700	32474344	7	4421	33593.2704	120	1
4_HSPC_H3K27Ac_peak_1130_lociStitched	chr1	26602379	26617776	4	3755	33500.7926	121	1
9_HSPC_H3K27Ac_peak_36027_lociStitched	chr2	47194790	47213881	9	4681	33363.4316	122	1
4_HSPC_H3K27Ac_peak_6721_lociStitched	chr1	234734485	234748064	4	3479	33344.5924	123	1
4_HSPC_H3K27Ac_peak_12077_lociStitched	chr11	65185121	65197671	4	2520	33306.445	124	1
7_HSPC_H3K27Ac_peak_11442_lociStitched	chr11	46680170	46707267	7	4225	33242.5996	125	1
9_HSPC_H3K27Ac_peak_60999_lociStitched	chr7	61967189	61988811	9	3613	33239.5006	126	1
13_HSPC_H3K27Ac_peak_45729_lociStitched	chr3	37934451	37999377	13	4559	33164.2008	127	1
11_HSPC_H3K27Ac_peak_6759_lociStitched	chr1	234974247	235012764	11	4752	33140.0268	128	1
8_HSPC_H3K27Ac_peak_47667_lociStitched	chr3	129295847	129319084	8	4911	33128.9909	129	1
11_HSPC_H3K27Ac_peak_6578_lociStitched	chr1	230281154	230327968	11	4447	33088.1352	130	1
12_HSPC_H3K27Ac_peak_43265_lociStitched	chr22	17556189	17599368	12	5985	32859.219	131	1
12_HSPC_H3K27Ac_peak_45211_lociStitched	chr3	14432879	14476424	12	6464	32754.549	132	1
6_HSPC_H3K27Ac_peak_26443_lociStitched	chr16	88856577	88867136	6	3561	32754.018	133	1
11_HSPC_H3K27Ac_peak_40080_lociStitched	chr2	232526706	232558262	11	5825	32392.234	134	1
9_HSPC_H3K27Ac_peak_52702_lociStitched	chr5	42982509	43010495	9	6107	32144.7196	135	1
10_HSPC_H3K27Ac_peak_65546_lociStitched	chr8	130547526	130569525	10	3600	31988.7459	136	1
10_HSPC_H3K27Ac_peak_10485_lociStitched	chr11	1772002	1814105	10	5886	31922.4946	137	1
11_HSPC_H3K27Ac_peak_14489_lociStitched	chr12	12008176	12044990	11	4038	31520.1468	138	1
12_HSPC_H3K27Ac_peak_17325_lociStitched	chr12	125390999	125431373	12	6870	31213.1394	139	1
8_HSPC_H3K27Ac_peak_41828_lociStitched	chr20	48383280	48411350	8	4366	30907.877	140	1
7_HSPC_H3K27Ac_peak_11344_lociStitched	chr11	44578602	44601067	7	4847	30862.417	141	1
8_HSPC_H3K27Ac_peak_43792_lociStitched	chr22	29205054	29226084	8	2923	30525.045	142	1
14_HSPC_H3K27Ac_peak_20252_lociStitched	chr14	70139397	70194215	14	5999	30374.6538	143	1
1_HSPC_H3K27Ac_peak_57728_lociStitched	chr6	58776226	58779611	1	3386	30234.82	144	1
15_HSPC_H3K27Ac_peak_58761_lociStitched	chr6	137058833	137106970	15	6036	30191.5264	145	1
4_HSPC_H3K27Ac_peak_32268_lociStitched	chr19	8551522	8571075	4	4234	30138.9942	146	1
17_HSPC_H3K27Ac_peak_60630_lociStitched	chr7	38374319	38410096	17	5656	30102.7678	147	1
8_HSPC_H3K27Ac_peak_44934_lociStitched	chr3	5007507	5054293	8	5521	30060.005	148	1
10_HSPC_H3K27Ac_peak_1732_lociStitched	chr1	39649193	39681435	10	4907	30039.8714	149	1
12_HSPC_H3K27Ac_peak_12772_lociStitched	chr11	78029599	78089202	12	5405	30022.0311	150	1
8_HSPC_H3K27Ac_peak_31337_lociStitched	chr18	60758561	60781572	8	4734	30015.5484	151	1
9_HSPC_H3K27Ac_peak_45356_lociStitched	chr3	18004992	18036829	9	3027	29920.4126	152	1
7_HSPC_H3K27Ac_peak_20361_lociStitched	chr14	74208609	74221981	7	4011	29887.7572	153	1
9_HSPC_H3K27Ac_peak_32108_lociStitched	chr19	6056521	6100766	9	5069	29776.885	154	1
14_HSPC_H3K27Ac_peak_20447_lociStitched	chr14	75725228	75769208	14	5629	29765.664	155	1
10_HSPC_H3K27Ac_peak_65098_lociStitched	chr8	108318228	108357309	10	3616	29654.6628	156	1
12_HSPC_H3K27Ac_peak_550_lociStitched	chr1	12192575	12245028	12	5792	29604.4732	157	1
12_HSPC_H3K27Ac_peak_2011_lociStitched	chr1	44873507	44899564	12	4770	29493.9183	158	1
4_HSPC_H3K27Ac_peak_8776_lociStitched	chr10	73506632	73517496	4	3367	29394.7248	159	1
9_HSPC_H3K27Ac_peak_26128_lociStitched	chr16	81491113	81532004	9	4061	29363.8271	160	1
10_HSPC_H3K27Ac_peak_8408_lociStitched	chr10	51488678	51518154	10	5502	29287.3536	161	1
8_HSPC_H3K27Ac_peak_63093_lociStitched	chr7	157092001	157113539	8	4209	29265.8344	162	1
11_HSPC_H3K27Ac_peak_37551_lociStitched	chr2	106392617	106417772	11	4021	29255.265	163	1
8_HSPC_H3K27Ac_peak_68734_lociStitched	chr9	134127521	134145866	8	3090	28928.2305	164	1
7_HSPC_H3K27Ac_peak_1260_lociStitched	chr1	28185192	28213027	7	3984	28834.2765	165	1
11_HSPC_H3K27Ac_peak_69224_lociStitched	chrUn_gl000220	141570	161755	11	3575	28806.0135	166	1
12_HSPC_H3K27Ac_peak_52620_lociStitched	chr5	39164491	39239089	12	6613	28705.3104	167	1
6_HSPC_H3K27Ac_peak_41235_lociStitched	chr20	31251798	31274029	6	4757	28626.8587	168	1
12_HSPC_H3K27Ac_peak_23575_lociStitched	chr15	93345558	93388542	12	6081	28614.4488	169	1
6_HSPC_H3K27Ac_peak_6829_lociStitched	chr1	236096756	236119193	6	3105	28609.4187	170	1
5_HSPC_H3K27Ac_peak_52164_lociStitched	chr5	391886	400624	5	3702	28608.212	171	1
8_HSPC_H3K27Ac_peak_57206_lociStitched	chr6	37006665	37052258	8	4535	28586.811	172	1
10_HSPC_H3K27Ac_peak_67347_lociStitched	chr9	92137167	92171996	10	4641	28486.6391	173	1
9_HSPC_H3K27Ac_peak_13544_lociStitched	chr11	121443416	121462038	9	4831	28391.1012	174	1
12_HSPC_H3K27Ac_peak_25416_lociStitched	chr16	50717429	50765510	12	4712	28382.2143	175	1
7_HSPC_H3K27Ac_peak_20079_lociStitched	chr14	65486980	65522172	7	3730	28153.6	176	1
13_HSPC_H3K27Ac_peak_26589_lociStitched	chr17	397838	442618	13	4595	28077.06	177	1
13_HSPC_H3K27Ac_peak_45992_lociStitched	chr3	45671848	45719290	13	6793	28071.4314	178	1
8_HSPC_H3K27Ac_peak_24526_lociStitched	chr16	16155028	16183624	8	3998	28046.9568	179	1
9_HSPC_H3K27Ac_peak_32814_lociStitched	chr19	16546446	16569612	9	3562	27947.4624	180	1
7_HSPC_H3K27Ac_peak_16932_lociStitched	chr12	117500372	117515460	7	3326	27945.9936	181	1
9_HSPC_H3K27Ac_peak_25108_lociStitched	chr16	30195486	30221698	9	5504	27941.992	182	1
11_HSPC_H3K27Ac_peak_22566_lociStitched	chr15	66905749	66947238	11	5261	27897.2036	183	1
7_HSPC_H3K27Ac_peak_65638_lociStitched	chr8	134074762	134106116	7	5187	27785.9148	184	1
7_HSPC_H3K27Ac_peak_30352_lociStitched	chr18	3585549	3606498	7	4945	27654.7749	185	1
11_HSPC_H3K27Ac_peak_56147_lociStitched	chr6	15282066	15308644	11	4238	27638.4622	186	1
5_HSPC_H3K27Ac_peak_2145_lociStitched	chr1	47677232	47703396	5	2751	27566.3904	187	1
4_HSPC_H3K27Ac_peak_42109_lociStitched	chr20	58620577	58634342	4	4472	27536.8825	188	1
9_HSPC_H3K27Ac_peak_10503_lociStitched	chr11	1902058	1934103	9	6206	27465.7695	189	1
7_HSPC_H3K27Ac_peak_54461_lociStitched	chr5	139039400	139050944	7	3745	27412.3824	190	1
12_HSPC_H3K27Ac_peak_29233_lociStitched	chr17	62137553	62196103	12	4325	27377.98	191	1
18_HSPC_H3K27Ac_peak_30490_lociStitched	chr18	9721951	9782412	18	7456	27340.4642	192	1
15_HSPC_H3K27Ac_peak_3700_lociStitched	chr1	120634773	120695757	15	6783	27046.404	193	1
8_HSPC_H3K27Ac_peak_57227_lociStitched	chr6	37145778	37160337	8	2453	27015.6804	194	1
8_HSPC_H3K27Ac_peak_29839_lociStitched	chr17	76250190	76274488	8	4333	26681.6338	195	1
10_HSPC_H3K27Ac_peak_40058_lociStitched	chr2	232213144	232277078	10	4879	26634.9044	196	1
10_HSPC_H3K27Ac_peak_28202_lociStitched	chr17	38478398	38509647	10	3945	26621.0231	197	1
8_HSPC_H3K27Ac_peak_38306_lociStitched	chr2	145266749	145281445	8	3424	26538.0368	198	1
2_HSPC_H3K27Ac_peak_52146_lociStitched	chr5	9947	21694	2	2148	26467.1657	199	1
11_HSPC_H3K27Ac_peak_36876_lociStitched	chr2	74789270	74814907	11	4405	26377.9093	200	1
9_HSPC_H3K27Ac_peak_20947_lociStitched	chr14	95961600	95993666	9	5011	26332.5992	201	1
12_HSPC_H3K27Ac_peak_69591_lociStitched	chrX	19845098	19897714	12	5198	26292.2152	202	1
12_HSPC_H3K27Ac_peak_1867_lociStitched	chr1	42174925	42237741	12	5825	26231.9616	203	1
6_HSPC_H3K27Ac_peak_46022_lociStitched	chr3	46130598	46150910	6	3138	26186.2304	204	1
6_HSPC_H3K27Ac_peak_20858_lociStitched	chr14	92985750	93016308	6	6994	26124.0342	205	1
11_HSPC_H3K27Ac_peak_48169_lociStitched	chr3	151569926	151621834	11	5116	26057.816	206	1
13_HSPC_H3K27Ac_peak_37101_lociStitched	chr2	87871903	87903974	13	6305	26015.9952	207	1
17_HSPC_H3K27Ac_peak_42011_lociStitched	chr20	52523533	52566908	17	5997	25959.9375	208	1
13_HSPC_H3K27Ac_peak_37713_lociStitched	chr2	112103821	112136060	13	6406	25933.0516	209	1
7_HSPC_H3K27Ac_peak_49238_lociStitched	chr3	195823393	195855021	7	4232	25912.8204	210	1
7_HSPC_H3K27Ac_peak_60906_lociStitched	chr7	50411970	50431296	7	2555	25887.177	211	1
11_HSPC_H3K27Ac_peak_12763_lociStitched	chr11	77955289	78004576	11	4857	25880.6037	212	1
6_HSPC_H3K27Ac_peak_46308_lociStitched	chr3	50628094	50640031	6	3894	25877.0286	213	1
14_HSPC_H3K27Ac_peak_20811_lociStitched	chr14	91826889	91877848	14	4721	25805.6376	214	1
13_HSPC_H3K27Ac_peak_68675_lociStitched	chr9	132685597	132725414	13	4809	25769.5624	215	1
7_HSPC_H3K27Ac_peak_57467_lociStitched	chr6	43758027	43775236	7	2654	25763.5939	216	1
10_HSPC_H3K27Ac_peak_49188_lociStitched	chr3	194870095	194886195	10	4272	25714.92	217	1
10_HSPC_H3K27Ac_peak_150_lociStitched	chr1	2210370	2247417	10	5312	25669.8663	218	1
7_HSPC_H3K27Ac_peak_10045_lociStitched	chr10	120889881	120898943	7	3004	25659.9592	219	1
11_HSPC_H3K27Ac_peak_18859_lociStitched	chr13	99923541	99975008	11	4078	25579.099	220	1
11_HSPC_H3K27Ac_peak_68620_lociStitched	chr9	132221046	132260176	11	6328	25555.803	221	1
8_HSPC_H3K27Ac_peak_25396_lociStitched	chr16	50299618	50317134	8	4160	25519.0604	222	1
12_HSPC_H3K27Ac_peak_4639_lociStitched	chr1	160499502	160545736	12	5867	25461.0638	223	1
11_HSPC_H3K27Ac_peak_49802_lociStitched	chr4	16033234	16072535	11	4420	25459.1878	224	1
14_HSPC_H3K27Ac_peak_27140_lociStitched	chr17	10010631	10061319	14	6785	25414.9632	225	1
7_HSPC_H3K27Ac_peak_31693_lociStitched	chr19	1074476	1113848	7	5214	25383.1284	226	1
7_HSPC_H3K27Ac_peak_4038_lociStitched	chr1	149740190	149764557	7	4654	25239.3386	227	1
14_HSPC_H3K27Ac_peak_65587_lociStitched	chr8	130969261	131029298	14	6560	25197.5289	228	1
10_HSPC_H3K27Ac_peak_23190_lociStitched	chr15	81558380	81604908	10	5322	25171.648	229	1
8_HSPC_H3K27Ac_peak_53418_lociStitched	chr5	77770098	77807489	8	3498	25160.4039	230	1
12_HSPC_H3K27Ac_peak_5918_lociStitched	chr1	206226796	206282126	12	3968	25147.485	231	1
6_HSPC_H3K27Ac_peak_42817_lociStitched	chr21	39747640	39759656	6	3913	25055.7632	232	1
12_HSPC_H3K27Ac_peak_3820_lociStitched	chr1	145127637	145159840	12	6130	25041.0528	233	1
8_HSPC_H3K27Ac_peak_9144_lociStitched	chr10	82245251	82265188	8	3432	24951.1555	234	1
7_HSPC_H3K27Ac_peak_58889_lociStitched	chr6	139946296	139970213	7	4182	24947.8227	235	1
13_HSPC_H3K27Ac_peak_47898_lociStitched	chr3	138581320	138635162	13	5738	24735.0148	236	1
14_HSPC_H3K27Ac_peak_23372_lociStitched	chr15	89637789	89687593	14	3696	24662.9408	237	1
6_HSPC_H3K27Ac_peak_26297_lociStitched	chr16	85603175	85617555	6	2724	24648.758	238	1
12_HSPC_H3K27Ac_peak_39233_lociStitched	chr2	196398772	196445203	12	5212	24617.7162	239	1
10_HSPC_H3K27Ac_peak_3290_lociStitched	chr1	108456742	108496436	10	3937	24562.6472	240	1
7_HSPC_H3K27Ac_peak_68818_lociStitched	chr9	135858226	135880810	7	4617	24528.4824	241	1
9_HSPC_H3K27Ac_peak_32679_lociStitched	chr19	14466295	14495235	9	5631	24431.148	242	1
5_HSPC_H3K27Ac_peak_12633_lociStitched	chr11	75039468	75053094	5	2926	24341.4864	243	1
11_HSPC_H3K27Ac_peak_68166_lociStitched	chr9	124033740	124059194	11	4187	24326.3878	244	1
10_HSPC_H3K27Ac_peak_67395_lociStitched	chr9	93909414	93956664	10	4475	24286.5	245	1
11_HSPC_H3K27Ac_peak_11199_lociStitched	chr11	34430261	34454327	11	3884	24280.1874	246	1
9_HSPC_H3K27Ac_peak_33672_lociStitched	chr19	41316372	41350743	9	6460	24145.6275	247	1
10_HSPC_H3K27Ac_peak_50636_lociStitched	chr4	79551169	79589362	10	4100	24019.5777	248	1
8_HSPC_H3K27Ac_peak_24801_lociStitched	chr16	23864310	23893856	8	3146	24014.9888	249	1
5_HSPC_H3K27Ac_peak_67877_lociStitched	chr9	112905202	112920837	5	2581	24013.7965	250	1
11_HSPC_H3K27Ac_peak_35052_lociStitched	chr2	10515510	10550407	11	4670	23970.7493	251	1
12_HSPC_H3K27Ac_peak_21238_lociStitched	chr14	105499725	105560235	12	5657	23931.705	252	1
7_HSPC_H3K27Ac_peak_19241_lociStitched	chr14	22886892	22902246	7	2538	23916.9258	253	1
7_HSPC_H3K27Ac_peak_27767_lociStitched	chr17	29025122	29056458	7	3766	23827.8944	254	1
10_HSPC_H3K27Ac_peak_69170_lociStitched	chr9_gl000199_random	48764	99138	10	2898	23821.8646	255	1
12_HSPC_H3K27Ac_peak_45541_lociStitched	chr3	30671046	30708482	12	4718	23738.1676	256	1
8_HSPC_H3K27Ac_peak_50186_lociStitched	chr4	48197923	48230001	8	2435	23657.525	257	1
6_HSPC_H3K27Ac_peak_13999_lociStitched	chr12	2392362	2416658	6	4830	23625.4304	258	1
8_HSPC_H3K27Ac_peak_11982_lociStitched	chr11	64289902	64315192	8	3635	23403.366	259	1
9_HSPC_H3K27Ac_peak_46085_lociStitched	chr3	46968961	47013056	9	2801	23401.2165	260	1
9_HSPC_H3K27Ac_peak_17768_lociStitched	chr13	30929770	30969720	9	5246	23378.74	261	1
6_HSPC_H3K27Ac_peak_15357_lociStitched	chr12	51700743	51735328	6	3219	23362.1675	262	1
12_HSPC_H3K27Ac_peak_5608_lociStitched	chr1	198610596	198652371	12	4483	23339.6925	263	1
9_HSPC_H3K27Ac_peak_19255_lociStitched	chr14	22916954	22942083	9	3783	23312.1733	264	1
4_HSPC_H3K27Ac_peak_46319_lociStitched	chr3	50656637	50670641	4	2251	23294.2536	265	1
5_HSPC_H3K27Ac_peak_34528_lociStitched	chr19	54880875	54901695	5	3209	23243.448	266	1
7_HSPC_H3K27Ac_peak_47635_lociStitched	chr3	128944004	128959200	7	3379	23135.91	267	1
5_HSPC_H3K27Ac_peak_62787_lociStitched	chr7	143071990	143093080	5	3129	23135.73	268	1
8_HSPC_H3K27Ac_peak_24281_lociStitched	chr16	10962712	10981762	8	5140	23065.74	269	1
4_HSPC_H3K27Ac_peak_52161_lociStitched	chr5	360468	375189	4	3147	23061.9186	270	1
8_HSPC_H3K27Ac_peak_36383_lociStitched	chr2	62514716	62541020	8	3125	23008.1088	271	1
8_HSPC_H3K27Ac_peak_51495_lociStitched	chr4	140997736	141038300	8	2676	22999.788	272	1
8_HSPC_H3K27Ac_peak_68294_lociStitched	chr9	127131973	127162314	8	3546	22989.3757	273	1
6_HSPC_H3K27Ac_peak_55803_lociStitched	chr6	6915719	6944157	6	4086	22977.904	274	1
8_HSPC_H3K27Ac_peak_56029_lociStitched	chr6	13395073	13434829	8	3684	22931.2608	275	1
7_HSPC_H3K27Ac_peak_21524_lociStitched	chr15	31548426	31565720	7	4039	22912.8206	276	1
8_HSPC_H3K27Ac_peak_8165_lociStitched	chr10	42527863	42546282	8	3349	22900.3427	277	1
8_HSPC_H3K27Ac_peak_20235_lociStitched	chr14	70081696	70119709	8	4500	22849.6143	278	1
10_HSPC_H3K27Ac_peak_802_lociStitched	chr1	19761190	19805136	10	4734	22847.5254	279	1
11_HSPC_H3K27Ac_peak_6441_lociStitched	chr1	226862463	226905865	11	4533	22842.4726	280	1
5_HSPC_H3K27Ac_peak_46456_lociStitched	chr3	53200547	53214812	5	1834	22766.94	281	1
7_HSPC_H3K27Ac_peak_57287_lociStitched	chr6	39177837	39193961	7	2486	22675.1812	282	1
6_HSPC_H3K27Ac_peak_10152_lociStitched	chr10	126328719	126340058	6	3953	22673.4644	283	1
7_HSPC_H3K27Ac_peak_17846_lociStitched	chr13	32681197	32700857	7	4331	22656.184	284	1
7_HSPC_H3K27Ac_peak_26265_lociStitched	chr16	85339507	85369304	7	3432	22580.1666	285	1
6_HSPC_H3K27Ac_peak_26168_lociStitched	chr16	81847203	81876517	6	3653	22571.78	286	1
8_HSPC_H3K27Ac_peak_60619_lociStitched	chr7	38255916	38297354	8	4491	22401.3828	287	1
5_HSPC_H3K27Ac_peak_65027_lociStitched	chr8	104188768	104209184	5	3065	22382.0608	288	1
6_HSPC_H3K27Ac_peak_1918_lociStitched	chr1	43389722	43410872	6	3972	22357.665	289	1
11_HSPC_H3K27Ac_peak_56438_lociStitched	chr6	25035007	25057725	11	4644	22352.2402	290	1
3_HSPC_H3K27Ac_peak_12362_lociStitched	chr11	68593408	68606417	3	2400	22324.7449	291	1
8_HSPC_H3K27Ac_peak_3448_lociStitched	chr1	111735393	111765395	8	3498	22306.487	292	1
2_HSPC_H3K27Ac_peak_14241_lociStitched	chr12	7060526	7068302	2	2695	22216.032	293	1
7_HSPC_H3K27Ac_peak_60853_lociStitched	chr7	47590935	47621688	7	2790	22209.8166	294	1
7_HSPC_H3K27Ac_peak_68658_lociStitched	chr9	132640696	132652523	7	3175	22177.9904	295	1
6_HSPC_H3K27Ac_peak_69021_lociStitched	chr9	139539157	139554560	6	3354	22087.902	296	1
7_HSPC_H3K27Ac_peak_44751_lociStitched	chr22	50219806	50255583	7	4413	22081.5644	297	1
12_HSPC_H3K27Ac_peak_22747_lociStitched	chr15	70754966	70802551	12	5313	22074.6815	298	1
5_HSPC_H3K27Ac_peak_10315_lociStitched	chr10	134363902	134374365	5	3440	22053.9114	299	1
6_HSPC_H3K27Ac_peak_7961_lociStitched	chr10	30777482	30795061	6	2320	21975.5079	300	1
14_HSPC_H3K27Ac_peak_18227_lociStitched	chr13	48718755	48797233	14	5837	21926.7532	301	1
6_HSPC_H3K27Ac_peak_32631_lociStitched	chr19	13950134	13958949	6	2697	21886.7635	302	1
11_HSPC_H3K27Ac_peak_20523_lociStitched	chr14	77499689	77519228	11	3736	21817.2474	303	1
11_HSPC_H3K27Ac_peak_9724_lociStitched	chr10	104357445	104393921	11	5099	21812.648	304	1
9_HSPC_H3K27Ac_peak_63657_lociStitched	chr8	27219394	27247953	9	3654	21784.8052	305	1
5_HSPC_H3K27Ac_peak_22050_lociStitched	chr15	50400173	50408020	5	1757	21776.2097	306	1
8_HSPC_H3K27Ac_peak_47595_lociStitched	chr3	128563752	128584544	8	5569	21771.3032	307	1
9_HSPC_H3K27Ac_peak_35456_lociStitched	chr2	28137035	28180825	9	2633	21759.251	308	1
9_HSPC_H3K27Ac_peak_13028_lociStitched	chr11	95940653	95998952	9	4642	21652.2486	309	1
7_HSPC_H3K27Ac_peak_712_lociStitched	chr1	17215642	17241255	7	4611	21648.1076	310	1
10_HSPC_H3K27Ac_peak_45161_lociStitched	chr3	13023300	13058212	10	4520	21586.0896	311	1
8_HSPC_H3K27Ac_peak_31715_lociStitched	chr19	1177625	1214950	8	4868	21536.525	312	1
4_HSPC_H3K27Ac_peak_21005_lociStitched	chr14	100533963	100546023	4	2652	21420.972	313	1
6_HSPC_H3K27Ac_peak_37318_lociStitched	chr2	99070773	99089707	6	2951	21370.8058	314	1
7_HSPC_H3K27Ac_peak_1700_lociStitched	chr1	38461617	38475730	7	3554	21309.2187	315	1
10_HSPC_H3K27Ac_peak_56746_lociStitched	chr6	30464123	30500899	10	4572	21285.9488	316	1
6_HSPC_H3K27Ac_peak_59661_lociStitched	chr7	1546519	1553691	6	2630	21220.5136	317	1
5_HSPC_H3K27Ac_peak_59821_lociStitched	chr7	5495174	5503127	5	2550	21214.6275	318	1
9_HSPC_H3K27Ac_peak_40263_lociStitched	chr2	240126844	240158482	9	3141	21210.1152	319	1
3_HSPC_H3K27Ac_peak_49436_lociStitched	chr4	1716835	1729891	3	3170	21183.36	320	1
5_HSPC_H3K27Ac_peak_67377_lociStitched	chr9	93557368	93578711	5	4107	21174.3903	321	1
6_HSPC_H3K27Ac_peak_921_lociStitched	chr1	22336254	22367228	6	5227	21155.242	322	1
4_HSPC_H3K27Ac_peak_7464_lociStitched	chr10	11213526	11234602	4	2090	21149.766	323	1
7_HSPC_H3K27Ac_peak_61429_lociStitched	chr7	76935618	76981884	7	5040	21143.562	324	1
7_HSPC_H3K27Ac_peak_24177_lociStitched	chr16	4555593	4579546	7	3571	21116.9648	325	1
7_HSPC_H3K27Ac_peak_35866_lociStitched	chr2	43232206	43252805	7	3798	21103.6755	326	1
13_HSPC_H3K27Ac_peak_60572_lociStitched	chr7	37683465	37735111	13	6589	21097.391	327	1
8_HSPC_H3K27Ac_peak_35469_lociStitched	chr2	28570694	28602003	8	5142	21055.3025	328	1
5_HSPC_H3K27Ac_peak_9092_lociStitched	chr10	81045519	81055388	5	2560	21020.97	329	1
3_HSPC_H3K27Ac_peak_30213_lociStitched	chr17_gl000205_random	84486	88344	3	2920	20999.4798	330	1
13_HSPC_H3K27Ac_peak_68908_lociStitched	chr9	137230813	137274465	13	4922	20931.134	331	1
6_HSPC_H3K27Ac_peak_49493_lociStitched	chr4	2788319	2803435	6	4126	20914.4976	332	1
5_HSPC_H3K27Ac_peak_56372_lociStitched	chr6	21587330	21610734	5	6063	20913.8144	333	1
8_HSPC_H3K27Ac_peak_33046_lociStitched	chr19	19077547	19096819	8	3283	20871.576	334	1
7_HSPC_H3K27Ac_peak_49955_lociStitched	chr4	37749191	37769281	7	3660	20849.402	335	1
6_HSPC_H3K27Ac_peak_30111_lociStitched	chr17	80158467	80176437	6	3576	20841.606	336	1
9_HSPC_H3K27Ac_peak_53142_lociStitched	chr5	68891570	68915397	9	3742	20829.5634	337	1
9_HSPC_H3K27Ac_peak_2321_lociStitched	chr1	54929784	54972557	9	4495	20821.8964	338	1
7_HSPC_H3K27Ac_peak_37741_lociStitched	chr2	112236462	112270058	7	3328	20802.6432	339	1
4_HSPC_H3K27Ac_peak_25223_lociStitched	chr16	31138657	31154370	4	3720	20802.4407	340	1
10_HSPC_H3K27Ac_peak_49616_lociStitched	chr4	6917203	6944530	10	3756	20711.1333	341	1
8_HSPC_H3K27Ac_peak_23469_lociStitched	chr15	91185815	91209317	8	4623	20709.9624	342	1
7_HSPC_H3K27Ac_peak_1664_lociStitched	chr1	37937069	37953129	7	3850	20709.37	343	1
7_HSPC_H3K27Ac_peak_3997_lociStitched	chr1	149355302	149379628	7	4184	20616.285	344	1
8_HSPC_H3K27Ac_peak_27718_lociStitched	chr17	28026350	28050807	8	3496	20595.2397	345	1
5_HSPC_H3K27Ac_peak_31574_lociStitched	chr18	77264703	77284799	5	3298	20588.352	346	1
8_HSPC_H3K27Ac_peak_9802_lociStitched	chr10	105660743	105681940	8	3772	20567.4491	347	1
7_HSPC_H3K27Ac_peak_36758_lociStitched	chr2	71291418	71311630	7	4233	20563.6888	348	1
10_HSPC_H3K27Ac_peak_66551_lociStitched	chr9	36127630	36158769	10	5432	20533.0566	349	1
7_HSPC_H3K27Ac_peak_36688_lociStitched	chr2	70160576	70180569	7	4045	20476.8306	350	1
7_HSPC_H3K27Ac_peak_40070_lociStitched	chr2	232469147	232490427	7	3352	20469.232	351	1
7_HSPC_H3K27Ac_peak_53174_lociStitched	chr5	69746599	69770554	7	3815	20380.914	352	1
5_HSPC_H3K27Ac_peak_33588_lociStitched	chr19	39888571	39901369	5	3309	20256.6744	353	1
8_HSPC_H3K27Ac_peak_16771_lociStitched	chr12	111866016	111883588	8	3169	20104.1252	354	1
2_HSPC_H3K27Ac_peak_3742_lociStitched	chr1	121478503	121485531	2	2039	20019.9608	355	1
5_HSPC_H3K27Ac_peak_26386_lociStitched	chr16	87978953	88008280	5	3500	19936.4946	356	1
4_HSPC_H3K27Ac_peak_47475_lociStitched	chr3	126248118	126260801	4	4018	19932.6028	357	1
12_HSPC_H3K27Ac_peak_36153_lociStitched	chr2	54788240	54832262	12	4421	19906.7484	358	1
5_HSPC_H3K27Ac_peak_905_lociStitched	chr1	22230633	22252073	5	3449	19885.6	359	1
7_HSPC_H3K27Ac_peak_10385_lociStitched	chr11	326247	356384	7	4543	19848.2282	360	1
10_HSPC_H3K27Ac_peak_41466_lociStitched	chr20	35964407	36013174	10	5265	19823.7855	361	1
9_HSPC_H3K27Ac_peak_20555_lociStitched	chr14	78046997	78075157	9	3223	19813.376	362	1
10_HSPC_H3K27Ac_peak_32944_lociStitched	chr19	18132548	18169730	10	5016	19736.2056	363	1
5_HSPC_H3K27Ac_peak_1041_lociStitched	chr1	25347216	25361869	5	3752	19706.8197	364	1
8_HSPC_H3K27Ac_peak_36617_lociStitched	chr2	68967509	68994917	8	2661	19703.6112	365	1
7_HSPC_H3K27Ac_peak_29970_lociStitched	chr17	78738843	78764229	7	5039	19663.9956	366	1
9_HSPC_H3K27Ac_peak_13909_lociStitched	chr12	700443	726809	9	3867	19597.8478	367	1
9_HSPC_H3K27Ac_peak_34367_lociStitched	chr19	51933988	51972617	9	4936	19561.7256	368	1
14_HSPC_H3K27Ac_peak_39273_lociStitched	chr2	197098530	197141147	14	5345	19505.8009	369	1
12_HSPC_H3K27Ac_peak_60926_lociStitched	chr7	50713295	50765733	12	3915	19496.4484	370	1
4_HSPC_H3K27Ac_peak_32186_lociStitched	chr19	7401369	7415664	4	4228	19491.2325	371	1
7_HSPC_H3K27Ac_peak_37002_lociStitched	chr2	85925149	85941960	7	2980	19438.5593	372	1
7_HSPC_H3K27Ac_peak_33177_lociStitched	chr19	27731895	27739512	7	2692	19402.7841	373	1
6_HSPC_H3K27Ac_peak_43521_lociStitched	chr22	22291960	22303543	6	2223	19391.1003	374	1
5_HSPC_H3K27Ac_peak_68287_lociStitched	chr9	127044706	127058805	5	3166	19356.5171	375	1
6_HSPC_H3K27Ac_peak_47573_lociStitched	chr3	128386658	128403642	6	3397	19270.0464	376	1
8_HSPC_H3K27Ac_peak_24086_lociStitched	chr16	3124302	3156603	8	4870	19251.396	377	1
9_HSPC_H3K27Ac_peak_20700_lociStitched	chr14	89805813	89839807	9	4669	19220.2076	378	1
8_HSPC_H3K27Ac_peak_6037_lociStitched	chr1	208034861	208047713	8	3872	19195.7472	379	1
5_HSPC_H3K27Ac_peak_33872_lociStitched	chr19	44269020	44284116	5	3287	19138.7088	380	1
7_HSPC_H3K27Ac_peak_66416_lociStitched	chr9	33116962	33159509	7	3357	19137.6406	381	1
10_HSPC_H3K27Ac_peak_54314_lociStitched	chr5	134746297	134777588	10	4266	19112.5428	382	1
8_HSPC_H3K27Ac_peak_47153_lociStitched	chr3	112090583	112114332	8	4117	19068.0721	383	1
8_HSPC_H3K27Ac_peak_22940_lociStitched	chr15	75444912	75471769	8	3555	19025.4988	384	1
8_HSPC_H3K27Ac_peak_14857_lociStitched	chr12	29301309	29322658	8	4587	19007.0147	385	1
10_HSPC_H3K27Ac_peak_55258_lociStitched	chr5	173291195	173345840	10	3997	19005.531	386	1
5_HSPC_H3K27Ac_peak_16527_lociStitched	chr12	104861140	104879448	5	1797	18987.2268	387	1
10_HSPC_H3K27Ac_peak_55842_lociStitched	chr6	7224652	7261992	10	4191	18935.114	388	1
7_HSPC_H3K27Ac_peak_24327_lociStitched	chr16	11312795	11329108	7	3229	18919.8174	389	1
11_HSPC_H3K27Ac_peak_48674_lociStitched	chr3	177040604	177078211	11	4809	18882.4747	390	1
5_HSPC_H3K27Ac_peak_43568_lociStitched	chr22	23557706	23562542	5	2561	18878.2932	391	1
10_HSPC_H3K27Ac_peak_37800_lociStitched	chr2	113422897	113465862	10	4736	18865.9315	392	1
4_HSPC_H3K27Ac_peak_9067_lociStitched	chr10	80844307	80855004	4	1974	18865.2292	393	1
9_HSPC_H3K27Ac_peak_35962_lociStitched	chr2	46054128	46091026	9	4370	18832.7392	394	1
6_HSPC_H3K27Ac_peak_10015_lociStitched	chr10	119158164	119176999	6	3263	18812.398	395	1
4_HSPC_H3K27Ac_peak_27328_lociStitched	chr17	17654390	17667552	4	2928	18804.5494	396	1
4_HSPC_H3K27Ac_peak_33924_lociStitched	chr19	45243714	45258734	4	3402	18799.032	397	1
9_HSPC_H3K27Ac_peak_55754_lociStitched	chr6	6546546	6593642	9	4659	18791.304	398	1
5_HSPC_H3K27Ac_peak_9832_lociStitched	chr10	106083471	106111083	5	3154	18773.3988	399	1
6_HSPC_H3K27Ac_peak_40210_lociStitched	chr2	238603174	238627147	6	2440	18744.4887	400	1
12_HSPC_H3K27Ac_peak_38212_lociStitched	chr2	136964959	137014109	12	3874	18740.895	401	1
7_HSPC_H3K27Ac_peak_3132_lociStitched	chr1	95167941	95201653	7	3830	18693.304	402	1
8_HSPC_H3K27Ac_peak_57357_lociStitched	chr6	41977784	42007515	8	4188	18691.8797	403	1
4_HSPC_H3K27Ac_peak_26290_lociStitched	chr16	85557192	85570493	4	3501	18673.2739	404	1
5_HSPC_H3K27Ac_peak_69033_lociStitched	chr9	139591670	139609896	5	4068	18672.537	405	1
6_HSPC_H3K27Ac_peak_43100_lociStitched	chr21	45576938	45593257	6	3735	18621.6109	406	1
8_HSPC_H3K27Ac_peak_39299_lociStitched	chr2	198094453	198124017	8	3493	18583.9304	407	1
10_HSPC_H3K27Ac_peak_37187_lociStitched	chr2	92268919	92307585	10	6460	18551.9468	408	1
6_HSPC_H3K27Ac_peak_23410_lociStitched	chr15	90364244	90392471	6	2625	18542.3163	409	1
10_HSPC_H3K27Ac_peak_45788_lociStitched	chr3	39291033	39333908	10	4796	18513.425	410	1
4_HSPC_H3K27Ac_peak_59754_lociStitched	chr7	2760856	2775654	4	2032	18507.8586	411	1
6_HSPC_H3K27Ac_peak_17248_lociStitched	chr12	124203965	124228219	6	2715	18464.5702	412	1
9_HSPC_H3K27Ac_peak_30365_lociStitched	chr18	3652393	3664765	9	4058	18457.7868	413	1
13_HSPC_H3K27Ac_peak_11554_lociStitched	chr11	51568795	51593276	13	4612	18439.0892	414	1
6_HSPC_H3K27Ac_peak_36187_lociStitched	chr2	55326567	55347940	6	4379	18412.8395	415	1
7_HSPC_H3K27Ac_peak_14503_lociStitched	chr12	12161907	12186364	7	3659	18389.2183	416	1
7_HSPC_H3K27Ac_peak_44705_lociStitched	chr22	47046148	47083717	7	3517	18371.241	417	1
5_HSPC_H3K27Ac_peak_26138_lociStitched	chr16	81658624	81670056	5	3017	18262.62	418	1
7_HSPC_H3K27Ac_peak_2314_lociStitched	chr1	54822078	54862964	7	3819	18243.3332	419	1
7_HSPC_H3K27Ac_peak_64035_lociStitched	chr8	46839773	46864839	7	1946	18212.9556	420	1
4_HSPC_H3K27Ac_peak_13700_lociStitched	chr11	126180654	126189597	4	4072	18199.005	421	1
7_HSPC_H3K27Ac_peak_50837_lociStitched	chr4	87881348	87903193	7	3164	18172.8555	422	1
7_HSPC_H3K27Ac_peak_41145_lociStitched	chr20	30249222	30264443	7	3490	18166.2635	423	1
8_HSPC_H3K27Ac_peak_42414_lociStitched	chr21	19147912	19168008	8	2833	18164.7744	424	1
9_HSPC_H3K27Ac_peak_69144_lociStitched	chr9	140519603	140565425	9	3683	18154.6764	425	1
7_HSPC_H3K27Ac_peak_62430_lociStitched	chr7	130681498	130712926	7	3930	18146.5272	426	1
6_HSPC_H3K27Ac_peak_29858_lociStitched	chr17	76377113	76384431	6	2197	18100.3412	427	1
5_HSPC_H3K27Ac_peak_1287_lociStitched	chr1	28440781	28462235	5	3026	18077.1404	428	1
9_HSPC_H3K27Ac_peak_20802_lociStitched	chr14	91765729	91798564	9	4797	18069.1005	429	1
8_HSPC_H3K27Ac_peak_24039_lociStitched	chr16	2713511	2740483	8	4785	18028.0848	430	1
8_HSPC_H3K27Ac_peak_46568_lociStitched	chr3	58335348	58352204	8	2823	18017.3784	431	1
9_HSPC_H3K27Ac_peak_22862_lociStitched	chr15	74665770	74696258	9	2769	18006.2128	432	1
6_HSPC_H3K27Ac_peak_5300_lociStitched	chr1	182226898	182238316	6	2626	17983.35	433	1
7_HSPC_H3K27Ac_peak_7967_lociStitched	chr10	30818131	30843130	7	2977	17934.2826	434	1
9_HSPC_H3K27Ac_peak_50242_lociStitched	chr4	49634557	49659883	9	2982	17902.9494	435	1
8_HSPC_H3K27Ac_peak_56101_lociStitched	chr6	14711633	14744522	8	4520	17901.4827	436	1
9_HSPC_H3K27Ac_peak_40676_lociStitched	chr20	5037423	5071521	9	4851	17887.8108	437	1
9_HSPC_H3K27Ac_peak_51440_lociStitched	chr4	140065758	140110925	9	4604	17886.132	438	1
7_HSPC_H3K27Ac_peak_59724_lociStitched	chr7	2423138	2447032	7	2929	17882.2696	439	1
4_HSPC_H3K27Ac_peak_4417_lociStitched	chr1	155937225	155945882	4	1579	17879.3021	440	1
9_HSPC_H3K27Ac_peak_39019_lociStitched	chr2	182206830	182260756	9	3922	17844.1134	441	1
9_HSPC_H3K27Ac_peak_43881_lociStitched	chr22	30577069	30617644	9	3411	17832.7125	442	1
4_HSPC_H3K27Ac_peak_8912_lociStitched	chr10	75666636	75686329	4	3424	17812.3185	443	1
12_HSPC_H3K27Ac_peak_22473_lociStitched	chr15	64720877	64758863	12	4918	17800.2396	444	1
4_HSPC_H3K27Ac_peak_41774_lociStitched	chr20	47367495	47389503	4	2634	17793.468	445	1
8_HSPC_H3K27Ac_peak_70780_lociStitched	chrX	129216051	129232588	8	3641	17765.6991	446	1
11_HSPC_H3K27Ac_peak_17315_lociStitched	chr12	125197749	125245292	11	5256	17752.5562	447	1
3_HSPC_H3K27Ac_peak_24017_lociStitched	chr16	2556658	2576103	3	3533	17722.173	448	1
8_HSPC_H3K27Ac_peak_11588_lociStitched	chr11	57234252	57267743	8	3942	17686.5971	449	1
8_HSPC_H3K27Ac_peak_20624_lociStitched	chr14	81882208	81903222	8	2993	17576.1096	450	1
4_HSPC_H3K27Ac_peak_20890_lociStitched	chr14	93526693	93553338	4	3851	17516.423	451	1
5_HSPC_H3K27Ac_peak_13583_lociStitched	chr11	122561233	122569828	5	3508	17488.2465	452	1
7_HSPC_H3K27Ac_peak_55181_lociStitched	chr5	171601566	171613504	7	3070	17484.3948	453	1
5_HSPC_H3K27Ac_peak_15163_lociStitched	chr12	48196533	48208148	5	3119	17479.4135	454	1
11_HSPC_H3K27Ac_peak_68624_lociStitched	chr9	132332703	132373279	11	4142	17455.7952	455	1
8_HSPC_H3K27Ac_peak_48622_lociStitched	chr3	172229609	172265394	8	3742	17405.824	456	1
9_HSPC_H3K27Ac_peak_33081_lociStitched	chr19	19554911	19585895	9	4455	17400.6144	457	1
8_HSPC_H3K27Ac_peak_60555_lociStitched	chr7	37445253	37481852	8	4163	17311.327	458	1
7_HSPC_H3K27Ac_peak_60725_lociStitched	chr7	41900495	41932529	7	3945	17269.5294	459	1
3_HSPC_H3K27Ac_peak_63151_lociStitched	chr7_gl000195_random	30169	33312	3	2741	17258.5273	460	1
8_HSPC_H3K27Ac_peak_65768_lociStitched	chr8	142099087	142115465	8	3943	17249.3096	461	1
6_HSPC_H3K27Ac_peak_17229_lociStitched	chr12	123916755	123934316	6	3943	17243.1459	462	1
8_HSPC_H3K27Ac_peak_28316_lociStitched	chr17	40463260	40473125	8	3531	17232.182	463	1
7_HSPC_H3K27Ac_peak_59598_lociStitched	chr7	641716	659213	7	4307	17229.2959	464	1
5_HSPC_H3K27Ac_peak_20765_lociStitched	chr14	91254545	91271137	5	2069	17182.6752	465	1
8_HSPC_H3K27Ac_peak_34898_lociStitched	chr2	7126432	7156049	8	3880	17177.86	466	1
5_HSPC_H3K27Ac_peak_55389_lociStitched	chr5	177666141	177676789	5	3776	17130.5024	467	1
10_HSPC_H3K27Ac_peak_49651_lociStitched	chr4	8262740	8306267	10	3907	17093.0529	468	1
5_HSPC_H3K27Ac_peak_16543_lociStitched	chr12	105080433	105089927	5	2553	17092.9976	469	1
5_HSPC_H3K27Ac_peak_62611_lociStitched	chr7	139300956	139320579	5	2076	17077.8969	470	1
6_HSPC_H3K27Ac_peak_438_lociStitched	chr1	9935161	9961156	6	3931	17031.924	471	1
7_HSPC_H3K27Ac_peak_55994_lociStitched	chr6	12944229	12968576	7	3394	17025.8571	472	1
6_HSPC_H3K27Ac_peak_24673_lociStitched	chr16	20914665	20928289	6	2202	17021.8256	473	1
8_HSPC_H3K27Ac_peak_57052_lociStitched	chr6	34624363	34647766	8	4078	17016.3213	474	1
8_HSPC_H3K27Ac_peak_14307_lociStitched	chr12	8171304	8211749	8	4560	17007.1225	475	1
6_HSPC_H3K27Ac_peak_42836_lociStitched	chr21	39865554	39879127	6	2591	16992.0387	476	1
8_HSPC_H3K27Ac_peak_38324_lociStitched	chr2	145337882	145366334	8	5138	16974.4632	477	1
11_HSPC_H3K27Ac_peak_34872_lociStitched	chr2	7012437	7051694	11	3603	16966.8754	478	1
13_HSPC_H3K27Ac_peak_59628_lociStitched	chr7	1067240	1102450	13	6201	16953.615	479	1
4_HSPC_H3K27Ac_peak_64161_lociStitched	chr8	56755946	56778815	4	2521	16948.2159	480	1
6_HSPC_H3K27Ac_peak_31730_lociStitched	chr19	1251067	1262193	6	3268	16923.7586	481	1
7_HSPC_H3K27Ac_peak_40009_lociStitched	chr2	231507678	231533633	7	4290	16883.7275	482	1
3_HSPC_H3K27Ac_peak_18609_lociStitched	chr13	77890760	77913546	3	3243	16875.3116	483	1
7_HSPC_H3K27Ac_peak_11974_lociStitched	chr11	64257667	64268432	7	2905	16873.061	484	1
9_HSPC_H3K27Ac_peak_70055_lociStitched	chrX	49003882	49023794	9	4198	16861.4816	485	1
6_HSPC_H3K27Ac_peak_41870_lociStitched	chr20	48754730	48789371	6	4031	16859.7747	486	1
11_HSPC_H3K27Ac_peak_27546_lociStitched	chr17	25659085	25681320	11	4141	16825.2245	487	1
8_HSPC_H3K27Ac_peak_45559_lociStitched	chr3	31254037	31275884	8	4629	16815.6359	488	1
7_HSPC_H3K27Ac_peak_21535_lociStitched	chr15	31635073	31658665	7	3322	16804.5816	489	1
8_HSPC_H3K27Ac_peak_66888_lociStitched	chr9	71582591	71613625	8	2974	16730.4294	490	1
7_HSPC_H3K27Ac_peak_54943_lociStitched	chr5	156679575	156707322	7	4180	16700.9193	491	1
7_HSPC_H3K27Ac_peak_34659_lociStitched	chr19	56813374	56834050	7	3126	16685.532	492	1
5_HSPC_H3K27Ac_peak_26991_lociStitched	chr17	7738582	7748099	5	3792	16666.1704	493	1
6_HSPC_H3K27Ac_peak_61908_lociStitched	chr7	102056135	102067543	6	2708	16655.68	494	1
8_HSPC_H3K27Ac_peak_69467_lociStitched	chrX	13096979	13110448	8	3427	16651.7247	495	1
4_HSPC_H3K27Ac_peak_13874_lociStitched	chr12	73802	95863	4	2879	16647.2306	496	1
12_HSPC_H3K27Ac_peak_21322_lociStitched	chr14	106542102	106586561	12	4812	16632.1119	497	1
6_HSPC_H3K27Ac_peak_21055_lociStitched	chr14	101129118	101147848	6	3881	16628.494	498	1
6_HSPC_H3K27Ac_peak_61245_lociStitched	chr7	73630973	73642198	6	3224	16627.5925	499	1
14_HSPC_H3K27Ac_peak_4021_lociStitched	chr1	149658014	149725033	14	5408	16607.3082	500	1
10_HSPC_H3K27Ac_peak_7596_lociStitched	chr10	14677433	14730789	10	4903	16593.716	501	1
8_HSPC_H3K27Ac_peak_61393_lociStitched	chr7	75993257	76033555	8	5063	16566.5078	502	1
6_HSPC_H3K27Ac_peak_55161_lociStitched	chr5	171267198	171302625	6	3181	16565.6652	503	1
4_HSPC_H3K27Ac_peak_12021_lociStitched	chr11	64626150	64638884	4	3275	16554.2	504	1
6_HSPC_H3K27Ac_peak_227_lociStitched	chr1	3797001	3820309	6	4088	16546.3492	505	1
9_HSPC_H3K27Ac_peak_33801_lociStitched	chr19	42772106	42785911	9	3219	16542.5315	506	1
5_HSPC_H3K27Ac_peak_62491_lociStitched	chr7	134835367	134852878	5	2529	16509.3708	507	1
9_HSPC_H3K27Ac_peak_53972_lociStitched	chr5	118747488	118775347	9	5415	16478.5985	508	1
6_HSPC_H3K27Ac_peak_4673_lociStitched	chr1	160673368	160696744	6	3074	16454.3664	509	1
9_HSPC_H3K27Ac_peak_54851_lociStitched	chr5	150574931	150595346	9	3790	16452.4485	510	1
5_HSPC_H3K27Ac_peak_68599_lociStitched	chr9	132090816	132114396	5	3006	16447.05	511	1
7_HSPC_H3K27Ac_peak_380_lociStitched	chr1	9142348	9161622	7	3091	16429.1576	512	1
4_HSPC_H3K27Ac_peak_4054_lociStitched	chr1	149824288	149839172	4	3041	16409.61	513	1
7_HSPC_H3K27Ac_peak_11268_lociStitched	chr11	36111812	36132076	7	2621	16405.7344	514	1
7_HSPC_H3K27Ac_peak_1163_lociStitched	chr1	26946484	26974900	7	3708	16384.6656	515	1
6_HSPC_H3K27Ac_peak_31113_lociStitched	chr18	46571848	46582762	6	3052	16372.0914	516	1
3_HSPC_H3K27Ac_peak_8173_lociStitched	chr10	42596736	42600474	3	3038	16347.7692	517	1
9_HSPC_H3K27Ac_peak_16748_lociStitched	chr12	111607915	111635621	9	3883	16343.7694	518	1
8_HSPC_H3K27Ac_peak_36696_lociStitched	chr2	70202693	70238228	8	3521	16342.5465	519	1
4_HSPC_H3K27Ac_peak_23849_lociStitched	chr16	374679	391082	4	3065	16342.3089	520	1
7_HSPC_H3K27Ac_peak_8900_lociStitched	chr10	75608706	75627522	7	3362	16341.696	521	1
5_HSPC_H3K27Ac_peak_42698_lociStitched	chr21	36387060	36402163	5	2498	16339.9357	522	1
8_HSPC_H3K27Ac_peak_36828_lociStitched	chr2	74251373	74265354	8	3135	16332.6042	523	1
5_HSPC_H3K27Ac_peak_26454_lociStitched	chr16	89002680	89025276	5	3470	16316.5716	524	1
6_HSPC_H3K27Ac_peak_44164_lociStitched	chr22	37696423	37705754	6	2519	16306.8556	525	1
8_HSPC_H3K27Ac_peak_42616_lociStitched	chr21	34733972	34766476	8	3847	16300.756	526	1
6_HSPC_H3K27Ac_peak_54199_lociStitched	chr5	131755729	131773927	6	2855	16294.4892	527	1
4_HSPC_H3K27Ac_peak_64385_lociStitched	chr8	66858005	66864876	4	2603	16289.7668	528	1
8_HSPC_H3K27Ac_peak_52363_lociStitched	chr5	14574390	14607985	8	6101	16286.856	529	1
15_HSPC_H3K27Ac_peak_4744_lociStitched	chr1	161409636	161441297	15	4875	16283.2523	530	1
6_HSPC_H3K27Ac_peak_27533_lociStitched	chr17	22245918	22261628	6	1958	16280.273	531	1
4_HSPC_H3K27Ac_peak_8769_lociStitched	chr10	73472910	73489260	4	3787	16273.155	532	1
8_HSPC_H3K27Ac_peak_41988_lociStitched	chr20	52445378	52489028	8	3562	16211.61	533	1
7_HSPC_H3K27Ac_peak_25924_lociStitched	chr16	70762034	70785849	7	3099	16203.726	534	1
3_HSPC_H3K27Ac_peak_22187_lociStitched	chr15	55559108	55575796	3	3305	16170.672	535	1
7_HSPC_H3K27Ac_peak_24594_lociStitched	chr16	17542600	17569144	7	3823	16165.296	536	1
5_HSPC_H3K27Ac_peak_59272_lociStitched	chr6	156474616	156489537	5	2887	16154.9667	537	1
5_HSPC_H3K27Ac_peak_9900_lociStitched	chr10	112610959	112624881	5	2535	16139.7746	538	1
6_HSPC_H3K27Ac_peak_8718_lociStitched	chr10	72318875	72352725	6	3384	16136.295	539	1
6_HSPC_H3K27Ac_peak_48791_lociStitched	chr3	182928375	182963424	6	4014	16105.0155	540	1
10_HSPC_H3K27Ac_peak_65650_lociStitched	chr8	134221891	134259025	10	3934	16086.4488	541	1
7_HSPC_H3K27Ac_peak_68185_lociStitched	chr9	124247771	124274472	7	4721	16057.9814	542	1
6_HSPC_H3K27Ac_peak_19257_lociStitched	chr14	23019318	23037954	6	2438	16043.7324	543	1
10_HSPC_H3K27Ac_peak_52304_lociStitched	chr5	10577971	10609153	10	4386	16033.7844	544	1
5_HSPC_H3K27Ac_peak_22497_lociStitched	chr15	65169805	65197839	5	3290	16029.8412	545	1
7_HSPC_H3K27Ac_peak_39007_lociStitched	chr2	182164890	182174750	7	2614	16004.752	546	1
3_HSPC_H3K27Ac_peak_24356_lociStitched	chr16	11590352	11601117	3	3178	15990.331	547	1
6_HSPC_H3K27Ac_peak_26813_lociStitched	chr17	4383565	4413498	6	4752	15972.2488	548	1
10_HSPC_H3K27Ac_peak_64046_lociStitched	chr8	48280178	48295786	10	3011	15968.5448	549	1
5_HSPC_H3K27Ac_peak_52187_lociStitched	chr5	1104135	1108977	5	2293	15939.864	550	1
13_HSPC_H3K27Ac_peak_69248_lociStitched	chrUn_gl000225	6129	92911	13	4577	15933.1752	551	1
7_HSPC_H3K27Ac_peak_26210_lociStitched	chr16	84631391	84643093	7	3408	15928.7624	552	1
3_HSPC_H3K27Ac_peak_60544_lociStitched	chr7	37381875	37395636	3	2360	15915.9726	553	1
7_HSPC_H3K27Ac_peak_25776_lociStitched	chr16	68018686	68048193	7	5340	15913.1251	554	1
10_HSPC_H3K27Ac_peak_49097_lociStitched	chr3	193543464	193597497	10	3871	15907.3152	555	1
7_HSPC_H3K27Ac_peak_6586_lociStitched	chr1	230404431	230416966	7	2744	15865.5495	556	1
6_HSPC_H3K27Ac_peak_3597_lociStitched	chr1	117039289	117058615	6	2694	15864.7134	557	1
6_HSPC_H3K27Ac_peak_21569_lociStitched	chr15	32864249	32887934	6	2799	15859.476	558	1
4_HSPC_H3K27Ac_peak_55812_lociStitched	chr6	7042062	7058742	4	3561	15834.324	559	1
5_HSPC_H3K27Ac_peak_55765_lociStitched	chr6	6654448	6661239	5	2027	15805.3734	560	1
5_HSPC_H3K27Ac_peak_32762_lociStitched	chr19	15946575	15956574	5	2696	15759.4239	561	1
6_HSPC_H3K27Ac_peak_41789_lociStitched	chr20	47463248	47489957	6	1772	15755.6391	562	1
7_HSPC_H3K27Ac_peak_44072_lociStitched	chr22	36724951	36731568	7	2121	15743.8281	563	1
4_HSPC_H3K27Ac_peak_13910_lociStitched	chr12	739569	760653	4	2523	15741.3144	564	1
6_HSPC_H3K27Ac_peak_35302_lociStitched	chr2	25498432	25518610	6	4044	15712.6086	565	1
5_HSPC_H3K27Ac_peak_49565_lociStitched	chr4	5034741	5047565	5	2801	15696.576	566	1
4_HSPC_H3K27Ac_peak_21717_lociStitched	chr15	40616161	40627391	4	1994	15638.898	567	1
3_HSPC_H3K27Ac_peak_42165_lociStitched	chr20	61200086	61213343	3	1844	15630.003	568	1
8_HSPC_H3K27Ac_peak_44088_lociStitched	chr22	36795273	36822673	8	3940	15609.78	569	1
5_HSPC_H3K27Ac_peak_31868_lociStitched	chr19	2599191	2637417	5	1893	15523.5786	570	1
8_HSPC_H3K27Ac_peak_66933_lociStitched	chr9	73012545	73036240	8	4797	15522.5945	571	1
6_HSPC_H3K27Ac_peak_56460_lociStitched	chr6	25165901	25181630	6	2817	15510.3669	572	1
6_HSPC_H3K27Ac_peak_68259_lociStitched	chr9	126067280	126102901	6	3769	15473.7624	573	1
7_HSPC_H3K27Ac_peak_42892_lociStitched	chr21	40465678	40507861	7	3523	15422.1048	574	1
6_HSPC_H3K27Ac_peak_42833_lociStitched	chr21	39839612	39849260	6	2545	15413.6448	575	1
8_HSPC_H3K27Ac_peak_62579_lociStitched	chr7	138763736	138789617	8	2833	15399.195	576	1
5_HSPC_H3K27Ac_peak_16990_lociStitched	chr12	120662917	120676418	5	2690	15370.8885	577	1
7_HSPC_H3K27Ac_peak_42048_lociStitched	chr20	56025742	56056684	7	3456	15362.703	578	1
7_HSPC_H3K27Ac_peak_55595_lociStitched	chr6	2706909	2741080	7	3643	15308.608	579	1
2_HSPC_H3K27Ac_peak_9688_lociStitched	chr10	103864404	103878091	2	1630	15306.1721	580	1
5_HSPC_H3K27Ac_peak_22286_lociStitched	chr15	58765186	58777999	5	3811	15298.722	581	1
7_HSPC_H3K27Ac_peak_54463_lociStitched	chr5	139069138	139091737	7	3792	15292.7433	582	1
10_HSPC_H3K27Ac_peak_18149_lociStitched	chr13	46868887	46895814	10	4836	15281.0725	583	1
4_HSPC_H3K27Ac_peak_44629_lociStitched	chr22	45621225	45631371	4	2682	15273.7884	584	1
5_HSPC_H3K27Ac_peak_54203_lociStitched	chr5	131791581	131803053	5	3542	15268.0848	585	1
4_HSPC_H3K27Ac_peak_515_lociStitched	chr1	11857718	11875786	4	2954	15193.3812	586	1
6_HSPC_H3K27Ac_peak_24348_lociStitched	chr16	11502388	11518448	6	3508	15183.124	587	1
8_HSPC_H3K27Ac_peak_6274_lociStitched	chr1	221880048	221899877	8	2836	15175.1337	588	1
7_HSPC_H3K27Ac_peak_54080_lociStitched	chr5	126082617	126095014	7	2805	15173.928	589	1
8_HSPC_H3K27Ac_peak_23530_lociStitched	chr15	91796022	91809157	8	3660	15157.79	590	1
4_HSPC_H3K27Ac_peak_56168_lociStitched	chr6	15404317	15422152	4	1985	15141.915	591	1
5_HSPC_H3K27Ac_peak_58863_lociStitched	chr6	139644837	139665271	5	2432	15129.3336	592	1
7_HSPC_H3K27Ac_peak_642_lociStitched	chr1	16263558	16293143	7	2993	15064.682	593	1
10_HSPC_H3K27Ac_peak_15312_lociStitched	chr12	50926343	50967315	10	3424	15053.1128	594	1
5_HSPC_H3K27Ac_peak_16925_lociStitched	chr12	117463576	117484418	5	3437	15047.924	595	1
6_HSPC_H3K27Ac_peak_65812_lociStitched	chr8	142401709	142425691	6	3261	14995.9446	596	1
10_HSPC_H3K27Ac_peak_30298_lociStitched	chr18	2959958	2995233	10	3508	14995.4025	597	1
8_HSPC_H3K27Ac_peak_49126_lociStitched	chr3	193963918	193989496	8	3091	14981.0346	598	1
4_HSPC_H3K27Ac_peak_27338_lociStitched	chr17	17742881	17754115	4	2076	14968.1816	599	1
6_HSPC_H3K27Ac_peak_30131_lociStitched	chr17	80250113	80273065	6	3313	14966.9992	600	1
4_HSPC_H3K27Ac_peak_9592_lociStitched	chr10	101280316	101297141	4	2659	14945.6475	601	1
8_HSPC_H3K27Ac_peak_29852_lociStitched	chr17	76309829	76349430	8	3421	14937.4972	602	1
9_HSPC_H3K27Ac_peak_60478_lociStitched	chr7	36202979	36257164	9	3565	14917.1305	603	1
6_HSPC_H3K27Ac_peak_28859_lociStitched	chr17	54367755	54390221	6	3930	14892.7114	604	1
4_HSPC_H3K27Ac_peak_44666_lociStitched	chr22	46464871	46468539	4	2224	14868.9716	605	1
8_HSPC_H3K27Ac_peak_775_lociStitched	chr1	19438798	19467452	8	3076	14868.5606	606	1
8_HSPC_H3K27Ac_peak_64787_lociStitched	chr8	96100147	96143457	8	3036	14863.992	607	1
9_HSPC_H3K27Ac_peak_41973_lociStitched	chr20	52294076	52325741	9	3916	14857.218	608	1
6_HSPC_H3K27Ac_peak_54841_lociStitched	chr5	150465945	150481618	6	2250	14845.4656	609	1
8_HSPC_H3K27Ac_peak_37567_lociStitched	chr2	106776428	106806139	8	3412	14796.078	610	1
8_HSPC_H3K27Ac_peak_44325_lociStitched	chr22	39858786	39892844	8	3592	14777.7662	611	1
5_HSPC_H3K27Ac_peak_28402_lociStitched	chr17	41428560	41447160	5	3817	14777.7	612	1
6_HSPC_H3K27Ac_peak_9079_lociStitched	chr10	80936858	80960155	6	2083	14772.6277	613	1
4_HSPC_H3K27Ac_peak_35883_lociStitched	chr2	43358426	43361944	4	2240	14761.528	614	1
3_HSPC_H3K27Ac_peak_31837_lociStitched	chr19	2288559	2302804	3	2548	14753.5465	615	1
8_HSPC_H3K27Ac_peak_44098_lociStitched	chr22	36848099	36864781	8	2736	14750.2244	616	1
8_HSPC_H3K27Ac_peak_52629_lociStitched	chr5	39256403	39283562	8	3282	14741.9052	617	1
7_HSPC_H3K27Ac_peak_39542_lociStitched	chr2	208000243	208016146	7	3821	14734.1295	618	1
5_HSPC_H3K27Ac_peak_48606_lociStitched	chr3	171779994	171805917	5	1939	14721.6717	619	1
6_HSPC_H3K27Ac_peak_46885_lociStitched	chr3	87829749	87862084	6	2439	14699.491	620	1
6_HSPC_H3K27Ac_peak_64023_lociStitched	chr8	43822244	43838777	6	2034	14682.9573	621	1
8_HSPC_H3K27Ac_peak_982_lociStitched	chr1	24214568	24246965	8	2553	14666.1219	622	1
4_HSPC_H3K27Ac_peak_15243_lociStitched	chr12	49616524	49628826	4	2053	14650.4518	623	1
7_HSPC_H3K27Ac_peak_48371_lociStitched	chr3	159561792	159579715	7	2856	14634.1295	624	1
3_HSPC_H3K27Ac_peak_37817_lociStitched	chr2	113588820	113599082	3	2575	14633.612	625	1
6_HSPC_H3K27Ac_peak_56344_lociStitched	chr6	20404459	20418982	6	2026	14579.6397	626	1
6_HSPC_H3K27Ac_peak_63130_lociStitched	chr7	158595773	158616467	6	2129	14574.7842	627	1
3_HSPC_H3K27Ac_peak_25901_lociStitched	chr16	70461709	70464873	3	2323	14547.4392	628	1
3_HSPC_H3K27Ac_peak_29888_lociStitched	chr17	76871265	76887445	3	3410	14547.438	629	1
6_HSPC_H3K27Ac_peak_14454_lociStitched	chr12	11819677	11846549	6	1640	14537.752	630	1
4_HSPC_H3K27Ac_peak_22785_lociStitched	chr15	72519628	72530569	4	3378	14536.2126	631	1
5_HSPC_H3K27Ac_peak_49180_lociStitched	chr3	194814652	194845640	5	2812	14517.878	632	1
6_HSPC_H3K27Ac_peak_5999_lociStitched	chr1	207482299	207510246	6	3319	14512.8771	633	1
5_HSPC_H3K27Ac_peak_69108_lociStitched	chr9	140189375	140221804	5	3980	14495.763	634	1
5_HSPC_H3K27Ac_peak_17175_lociStitched	chr12	123372950	123402860	5	3359	14476.44	635	1
7_HSPC_H3K27Ac_peak_52078_lociStitched	chr4	185585594	185607591	7	2844	14471.8263	636	1
7_HSPC_H3K27Ac_peak_63111_lociStitched	chr7	157182458	157196698	7	2360	14464.992	637	1
4_HSPC_H3K27Ac_peak_26272_lociStitched	chr16	85404168	85416322	4	1066	14453.5368	638	1
6_HSPC_H3K27Ac_peak_7157_lociStitched	chr1	249086058	249111907	6	3521	14449.591	639	1
4_HSPC_H3K27Ac_peak_65389_lociStitched	chr8	125539395	125558399	4	2860	14446.8408	640	1
2_HSPC_H3K27Ac_peak_52724_lociStitched	chr5	43064526	43075840	2	3410	14437.7954	641	1
5_HSPC_H3K27Ac_peak_27804_lociStitched	chr17	29635146	29646219	5	2574	14421.4752	642	1
8_HSPC_H3K27Ac_peak_14564_lociStitched	chr12	13296936	13332932	8	3952	14419.9976	643	1
9_HSPC_H3K27Ac_peak_10839_lociStitched	chr11	10602625	10645033	9	3714	14418.72	644	1
5_HSPC_H3K27Ac_peak_46222_lociStitched	chr3	49382033	49390149	5	1694	14405.0884	645	1
7_HSPC_H3K27Ac_peak_65606_lociStitched	chr8	131326015	131371828	7	3646	14385.282	646	1
5_HSPC_H3K27Ac_peak_28398_lociStitched	chr17	41381573	41412459	5	3956	14380.5216	647	1
4_HSPC_H3K27Ac_peak_66969_lociStitched	chr9	74490774	74514012	4	2098	14372.703	648	1
6_HSPC_H3K27Ac_peak_68607_lociStitched	chr9	132160904	132185425	6	2382	14347.2371	649	1
4_HSPC_H3K27Ac_peak_12390_lociStitched	chr11	69064038	69080769	4	3341	14343.4863	650	1
3_HSPC_H3K27Ac_peak_11793_lociStitched	chr11	61601367	61610233	3	1687	14329.2292	651	1
4_HSPC_H3K27Ac_peak_34147_lociStitched	chr19	48825517	48837120	4	2593	14321.5829	652	1
7_HSPC_H3K27Ac_peak_50303_lociStitched	chr4	55529784	55555112	7	3190	14317.9184	653	1
7_HSPC_H3K27Ac_peak_5854_lociStitched	chr1	204449823	204482794	7	3331	14316.0082	654	1
6_HSPC_H3K27Ac_peak_21969_lociStitched	chr15	45929174	45956842	6	2904	14301.5892	655	1
4_HSPC_H3K27Ac_peak_44173_lociStitched	chr22	38023169	38032556	4	2750	14301.0945	656	1
7_HSPC_H3K27Ac_peak_70211_lociStitched	chrX	64807927	64829850	7	3990	14293.796	657	1
5_HSPC_H3K27Ac_peak_2036_lociStitched	chr1	45187843	45197608	5	2424	14288.148	658	1
5_HSPC_H3K27Ac_peak_11991_lociStitched	chr11	64378557	64402234	5	3080	14265.3925	659	1
5_HSPC_H3K27Ac_peak_57037_lociStitched	chr6	34239889	34263837	5	3021	14237.086	660	1
7_HSPC_H3K27Ac_peak_62617_lociStitched	chr7	139404576	139432934	7	1788	14232.8802	661	1
5_HSPC_H3K27Ac_peak_53204_lociStitched	chr5	70314177	70327920	5	2839	14226.7536	662	1
6_HSPC_H3K27Ac_peak_44892_lociStitched	chr3	4546249	4561843	6	2784	14226.4062	663	1
8_HSPC_H3K27Ac_peak_49604_lociStitched	chr4	6876840	6895439	8	3853	14226.3751	664	1
6_HSPC_H3K27Ac_peak_68761_lociStitched	chr9	134453786	134474682	6	5060	14190.4736	665	1
5_HSPC_H3K27Ac_peak_24517_lociStitched	chr16	16081212	16102015	5	3668	14187.646	666	1
8_HSPC_H3K27Ac_peak_45678_lociStitched	chr3	36949760	36975669	8	4359	14185.1775	667	1
4_HSPC_H3K27Ac_peak_58689_lociStitched	chr6	135600643	135609041	4	3195	14183.3822	668	1
4_HSPC_H3K27Ac_peak_17190_lociStitched	chr12	123507106	123527988	4	2070	14178.878	669	1
6_HSPC_H3K27Ac_peak_19086_lociStitched	chr13	114822276	114832309	6	2915	14174.6224	670	1
8_HSPC_H3K27Ac_peak_53507_lociStitched	chr5	81113210	81148499	8	3988	14172.0624	671	1
9_HSPC_H3K27Ac_peak_14582_lociStitched	chr12	14392262	14427095	9	3756	14163.0978	672	1
4_HSPC_H3K27Ac_peak_28419_lociStitched	chr17	41845115	41851393	4	2537	14156.2622	673	1
3_HSPC_H3K27Ac_peak_60290_lociStitched	chr7	27189944	27201025	3	1780	14132.7074	674	1
8_HSPC_H3K27Ac_peak_59413_lociStitched	chr6	159476036	159507581	8	4259	14125.851	675	1
4_HSPC_H3K27Ac_peak_26804_lociStitched	chr17	4328981	4348688	4	2265	14112.1827	676	1
6_HSPC_H3K27Ac_peak_24201_lociStitched	chr16	4713519	4731122	6	2508	14092.9618	677	1
5_HSPC_H3K27Ac_peak_68181_lociStitched	chr9	124145503	124160684	5	3061	14057.606	678	1
4_HSPC_H3K27Ac_peak_28087_lociStitched	chr17	36852046	36868474	4	2919	14052.5112	679	1
4_HSPC_H3K27Ac_peak_39304_lociStitched	chr2	198146622	198172884	4	1981	14050.17	680	1
5_HSPC_H3K27Ac_peak_17055_lociStitched	chr12	121634177	121662033	5	3802	14047.7808	681	1
6_HSPC_H3K27Ac_peak_53462_lociStitched	chr5	79469291	79487916	6	2691	14017.175	682	1
7_HSPC_H3K27Ac_peak_58306_lociStitched	chr6	111251040	111271002	7	2228	13997.3544	683	1
7_HSPC_H3K27Ac_peak_18775_lociStitched	chr13	95920284	95939138	7	2318	13995.3242	684	1
5_HSPC_H3K27Ac_peak_44767_lociStitched	chr22	50319118	50339890	5	4160	13983.7104	685	1
4_HSPC_H3K27Ac_peak_41769_lociStitched	chr20	47332943	47352457	4	3135	13979.8296	686	1
2_HSPC_H3K27Ac_peak_55170_lociStitched	chr5	171537103	171542593	2	1703	13975.893	687	1
7_HSPC_H3K27Ac_peak_28940_lociStitched	chr17	55938029	55952855	7	3758	13960.1616	688	1
6_HSPC_H3K27Ac_peak_59680_lociStitched	chr7	1914594	1938599	6	3105	13958.9075	689	1
7_HSPC_H3K27Ac_peak_3340_lociStitched	chr1	109370596	109405233	7	2926	13958.711	690	1
7_HSPC_H3K27Ac_peak_60847_lociStitched	chr7	47535517	47553878	7	3053	13932.3268	691	1
8_HSPC_H3K27Ac_peak_11532_lociStitched	chr11	48029063	48054227	8	3332	13923.2412	692	1
5_HSPC_H3K27Ac_peak_25660_lociStitched	chr16	66550179	66559234	5	2321	13921.157	693	1
5_HSPC_H3K27Ac_peak_28530_lociStitched	chr17	43538920	43577925	5	3071	13913.0835	694	1
8_HSPC_H3K27Ac_peak_10904_lociStitched	chr11	12236807	12262424	8	3362	13912.5927	695	1
6_HSPC_H3K27Ac_peak_33736_lociStitched	chr19	42051922	42071427	6	2616	13910.966	696	1
3_HSPC_H3K27Ac_peak_32999_lociStitched	chr19	18526536	18540730	3	2462	13891.6678	697	1
5_HSPC_H3K27Ac_peak_11674_lociStitched	chr11	59304229	59333862	5	4158	13888.9871	698	1
4_HSPC_H3K27Ac_peak_33636_lociStitched	chr19	40922919	40940354	4	3692	13885.234	699	1
5_HSPC_H3K27Ac_peak_24864_lociStitched	chr16	27247033	27255767	5	2800	13873.959	700	1
3_HSPC_H3K27Ac_peak_42774_lociStitched	chr21	38617051	38631227	3	3093	13831.5232	701	1
8_HSPC_H3K27Ac_peak_63898_lociStitched	chr8	38662143	38704970	8	3403	13815.9902	702	1
5_HSPC_H3K27Ac_peak_51490_lociStitched	chr4	140963620	140979202	5	2219	13810.3266	703	1
6_HSPC_H3K27Ac_peak_22425_lociStitched	chr15	64179709	64198852	6	2523	13798.2744	704	1
5_HSPC_H3K27Ac_peak_31987_lociStitched	chr19	4075223	4090617	5	4048	13793.024	705	1
4_HSPC_H3K27Ac_peak_33489_lociStitched	chr19	38509832	38525151	4	2104	13779.4405	706	1
3_HSPC_H3K27Ac_peak_55317_lociStitched	chr5	176723014	176735073	3	2448	13772.5839	707	1
6_HSPC_H3K27Ac_peak_24887_lociStitched	chr16	27378317	27396374	6	3290	13764.8511	708	1
3_HSPC_H3K27Ac_peak_29517_lociStitched	chr17	72439126	72459650	3	2330	13759.2896	709	1
6_HSPC_H3K27Ac_peak_57542_lociStitched	chr6	45403222	45414147	6	2923	13757.8525	710	1
9_HSPC_H3K27Ac_peak_44012_lociStitched	chr22	33264853	33317093	9	3669	13754.792	711	1
8_HSPC_H3K27Ac_peak_40217_lociStitched	chr2	238831835	238865208	8	3346	13679.5927	712	1
8_HSPC_H3K27Ac_peak_40273_lociStitched	chr2	240173873	240207276	8	3205	13671.8479	713	1
3_HSPC_H3K27Ac_peak_28513_lociStitched	chr17	43302208	43306354	3	2018	13632.048	714	1
6_HSPC_H3K27Ac_peak_13729_lociStitched	chr11	126335504	126350728	6	2627	13623.9576	715	1
5_HSPC_H3K27Ac_peak_58783_lociStitched	chr6	137544562	137570521	5	2436	13612.8996	716	1
5_HSPC_H3K27Ac_peak_66052_lociStitched	chr9	748821	757436	5	3047	13588.4395	717	1
7_HSPC_H3K27Ac_peak_24521_lociStitched	chr16	16114537	16133775	7	2960	13568.5614	718	1
3_HSPC_H3K27Ac_peak_21853_lociStitched	chr15	42782675	42803969	3	2858	13555.7604	719	1
5_HSPC_H3K27Ac_peak_36537_lociStitched	chr2	66653814	66674133	5	2720	13550.7411	720	1
6_HSPC_H3K27Ac_peak_66264_lociStitched	chr9	19153592	19169535	6	2513	13534.0127	721	1
10_HSPC_H3K27Ac_peak_16169_lociStitched	chr12	89602354	89645819	10	4484	13517.615	722	1
6_HSPC_H3K27Ac_peak_30689_lociStitched	chr18	18512784	18520444	6	2605	13503.048	723	1
6_HSPC_H3K27Ac_peak_35042_lociStitched	chr2	10410885	10438560	6	3149	13491.5625	724	1
6_HSPC_H3K27Ac_peak_13325_lociStitched	chr11	116711706	116725289	6	2126	13487.919	725	1
6_HSPC_H3K27Ac_peak_21544_lociStitched	chr15	31719891	31741618	6	3374	13475.0854	726	1
7_HSPC_H3K27Ac_peak_63656_lociStitched	chr8	27185471	27198761	7	2412	13466.757	727	1
4_HSPC_H3K27Ac_peak_67004_lociStitched	chr9	75747107	75769753	4	2688	13453.9886	728	1
6_HSPC_H3K27Ac_peak_2056_lociStitched	chr1	45279585	45296679	6	3190	13432.4652	729	1
6_HSPC_H3K27Ac_peak_41981_lociStitched	chr20	52353652	52371120	6	2955	13410.1836	730	1
4_HSPC_H3K27Ac_peak_30156_lociStitched	chr17	80548706	80562124	4	3003	13397.873	731	1
6_HSPC_H3K27Ac_peak_13341_lociStitched	chr11	116832774	116857602	6	2026	13394.706	732	1
8_HSPC_H3K27Ac_peak_5290_lociStitched	chr1	182139625	182183014	8	3296	13385.5065	733	1
7_HSPC_H3K27Ac_peak_40175_lociStitched	chr2	237436177	237461843	7	2878	13382.2524	734	1
6_HSPC_H3K27Ac_peak_16612_lociStitched	chr12	108699839	108728387	6	2407	13380.4476	735	1
5_HSPC_H3K27Ac_peak_3458_lociStitched	chr1	112013081	112032872	5	3187	13378.716	736	1
10_HSPC_H3K27Ac_peak_52822_lociStitched	chr5	53886241	53921554	10	3048	13369.5018	737	1
7_HSPC_H3K27Ac_peak_27571_lociStitched	chr17	25857850	25873095	7	2923	13353.0955	738	1
7_HSPC_H3K27Ac_peak_42035_lociStitched	chr20	54993456	55028960	7	2414	13342.4032	739	1
8_HSPC_H3K27Ac_peak_43101_lociStitched	chr21	45613994	45628519	8	4032	13333.95	740	1
5_HSPC_H3K27Ac_peak_52167_lociStitched	chr5	415035	431050	5	2904	13332.4875	741	1
4_HSPC_H3K27Ac_peak_26578_lociStitched	chr17	262493	269317	4	2477	13318.4008	742	1
6_HSPC_H3K27Ac_peak_14291_lociStitched	chr12	8101480	8124824	6	3661	13282.736	743	1
7_HSPC_H3K27Ac_peak_35491_lociStitched	chr2	28806768	28827195	7	3193	13275.5073	744	1
3_HSPC_H3K27Ac_peak_57404_lociStitched	chr6	42742715	42758812	3	2573	13273.5862	745	1
5_HSPC_H3K27Ac_peak_141_lociStitched	chr1	2165416	2188114	5	2868	13232.934	746	1
4_HSPC_H3K27Ac_peak_9820_lociStitched	chr10	106005778	106020480	4	3533	13222.9788	747	1
7_HSPC_H3K27Ac_peak_48930_lociStitched	chr3	185462738	185491895	7	2686	13187.7111	748	1
3_HSPC_H3K27Ac_peak_11483_lociStitched	chr11	47370697	47382258	3	2605	13176.0717	749	1
6_HSPC_H3K27Ac_peak_3810_lociStitched	chr1	144982772	145015128	6	3276	13143.0072	750	1
7_HSPC_H3K27Ac_peak_36274_lociStitched	chr2	60583439	60613349	7	2813	13133.481	751	1
7_HSPC_H3K27Ac_peak_46499_lociStitched	chr3	56816734	56833459	7	2926	13115.745	752	1
6_HSPC_H3K27Ac_peak_20292_lociStitched	chr14	71438858	71471333	6	3189	13113.405	753	1
5_HSPC_H3K27Ac_peak_10559_lociStitched	chr11	2822335	2848704	5	3754	13110.6668	754	1
7_HSPC_H3K27Ac_peak_14090_lociStitched	chr12	4242812	4274717	7	4674	13097.0025	755	1
5_HSPC_H3K27Ac_peak_69902_lociStitched	chrX	45613585	45627870	5	1590	13082.203	756	1
6_HSPC_H3K27Ac_peak_33786_lociStitched	chr19	42703579	42712846	6	2589	13067.3967	757	1
6_HSPC_H3K27Ac_peak_35840_lociStitched	chr2	43085489	43107316	6	2075	13063.4595	758	1
5_HSPC_H3K27Ac_peak_19742_lociStitched	chr14	51384275	51404723	5	2508	13047.8688	759	1
8_HSPC_H3K27Ac_peak_26227_lociStitched	chr16	84746848	84785354	8	2838	13045.8328	760	1
7_HSPC_H3K27Ac_peak_38023_lociStitched	chr2	127838591	127852176	7	3786	13045.6755	761	1
8_HSPC_H3K27Ac_peak_55524_lociStitched	chr5	180590398	180619684	8	3768	12997.1268	762	1
7_HSPC_H3K27Ac_peak_30654_lociStitched	chr18	13452042	13472372	7	2855	12992.903	763	1
3_HSPC_H3K27Ac_peak_25189_lociStitched	chr16	30913159	30916343	3	2454	12988.8096	764	1
6_HSPC_H3K27Ac_peak_44660_lociStitched	chr22	46408839	46432674	6	3122	12985.308	765	1
5_HSPC_H3K27Ac_peak_43636_lociStitched	chr22	24585862	24604650	5	3008	12961.8412	766	1
5_HSPC_H3K27Ac_peak_38503_lociStitched	chr2	159980366	160010117	5	3151	12950.6103	767	1
6_HSPC_H3K27Ac_peak_59825_lociStitched	chr7	5516923	5532105	6	3435	12939.6186	768	1
2_HSPC_H3K27Ac_peak_5698_lociStitched	chr1	200976413	200990071	2	1369	12938.2234	769	1
4_HSPC_H3K27Ac_peak_21562_lociStitched	chr15	32745630	32762649	4	1681	12934.44	770	1
8_HSPC_H3K27Ac_peak_328_lociStitched	chr1	8487195	8538878	8	2804	12931.0866	771	1
7_HSPC_H3K27Ac_peak_59611_lociStitched	chr7	941553	968831	7	2861	12929.772	772	1
3_HSPC_H3K27Ac_peak_46257_lociStitched	chr3	49843126	49845670	3	1883	12919.1952	773	1
5_HSPC_H3K27Ac_peak_888_lociStitched	chr1	22075674	22096346	5	2161	12901.3952	774	1
5_HSPC_H3K27Ac_peak_31475_lociStitched	chr18	74178264	74189749	5	3292	12889.6155	775	1
7_HSPC_H3K27Ac_peak_52499_lociStitched	chr5	32713399	32735465	7	2912	12877.7176	776	1
9_HSPC_H3K27Ac_peak_6930_lociStitched	chr1	243427287	243433157	9	2773	12865.866	777	1
6_HSPC_H3K27Ac_peak_5284_lociStitched	chr1	182112895	182119426	6	2726	12846.477	778	1
6_HSPC_H3K27Ac_peak_5892_lociStitched	chr1	205661422	205684921	6	2118	12842.2035	779	1
5_HSPC_H3K27Ac_peak_20006_lociStitched	chr14	62018923	62036581	5	4223	12821.4738	780	1
7_HSPC_H3K27Ac_peak_49538_lociStitched	chr4	3365307	3391154	7	3440	12817.5273	781	1
6_HSPC_H3K27Ac_peak_61648_lociStitched	chr7	92408805	92439733	6	1768	12816.5632	782	1
5_HSPC_H3K27Ac_peak_35710_lociStitched	chr2	38037429	38057136	5	1677	12793.7844	783	1
4_HSPC_H3K27Ac_peak_41240_lociStitched	chr20	31340771	31365419	4	3029	12792.312	784	1
6_HSPC_H3K27Ac_peak_62636_lociStitched	chr7	139542149	139573127	6	2613	12769.1316	785	1
4_HSPC_H3K27Ac_peak_12393_lociStitched	chr11	69215517	69231008	4	3071	12756.8385	786	1
9_HSPC_H3K27Ac_peak_53067_lociStitched	chr5	66477029	66512177	9	3933	12755.2092	787	1
4_HSPC_H3K27Ac_peak_17417_lociStitched	chr12	132336110	132357292	4	3210	12745.2094	788	1
3_HSPC_H3K27Ac_peak_4605_lociStitched	chr1	159879749	159892718	3	2010	12743.3394	789	1
9_HSPC_H3K27Ac_peak_15115_lociStitched	chr12	46839677	46868501	9	3699	12740.208	790	1
2_HSPC_H3K27Ac_peak_66745_lociStitched	chr9	66455750	66458514	2	2532	12709.4248	791	1
4_HSPC_H3K27Ac_peak_41618_lociStitched	chr20	43270735	43275771	4	1656	12707.8424	792	1
5_HSPC_H3K27Ac_peak_12561_lociStitched	chr11	73095498	73099271	5	2308	12706.7094	793	1
7_HSPC_H3K27Ac_peak_8566_lociStitched	chr10	64977316	65014935	7	2420	12703.9363	794	1
4_HSPC_H3K27Ac_peak_31584_lociStitched	chr18	77550555	77566288	4	2580	12699.6776	795	1
4_HSPC_H3K27Ac_peak_32650_lociStitched	chr19	14089591	14098953	4	2909	12685.51	796	1
5_HSPC_H3K27Ac_peak_51717_lociStitched	chr4	154572214	154583414	5	2536	12669.44	797	1
5_HSPC_H3K27Ac_peak_3395_lociStitched	chr1	110333123	110345609	5	1686	12667.047	798	1
5_HSPC_H3K27Ac_peak_7398_lociStitched	chr10	6962145	6971448	5	2742	12666.9648	799	1
5_HSPC_H3K27Ac_peak_30906_lociStitched	chr18	32609690	32631446	5	3018	12661.992	800	1
7_HSPC_H3K27Ac_peak_23331_lociStitched	chr15	86232635	86251157	7	3429	12644.9694	801	1
6_HSPC_H3K27Ac_peak_30431_lociStitched	chr18	9069604	9095976	6	3306	12632.188	802	1
7_HSPC_H3K27Ac_peak_38568_lociStitched	chr2	161228237	161247845	7	2368	12629.5128	803	1
4_HSPC_H3K27Ac_peak_9097_lociStitched	chr10	81076691	81083110	4	2318	12621.6797	804	1
3_HSPC_H3K27Ac_peak_61920_lociStitched	chr7	102134571	102154059	3	2369	12618.48	805	1
8_HSPC_H3K27Ac_peak_22839_lociStitched	chr15	74243898	74276061	8	3241	12572.5167	806	1
3_HSPC_H3K27Ac_peak_69212_lociStitched	chrUn_gl000220	6893	17580	3	2123	12551.8815	807	1
6_HSPC_H3K27Ac_peak_12647_lociStitched	chr11	75079090	75099765	6	2718	12522.8475	808	1
5_HSPC_H3K27Ac_peak_30810_lociStitched	chr18	22805002	22824815	5	2210	12502.003	809	1
5_HSPC_H3K27Ac_peak_16621_lociStitched	chr12	109003166	109023245	5	2614	12493.1538	810	1
7_HSPC_H3K27Ac_peak_65274_lociStitched	chr8	121736969	121761689	7	2464	12491.016	811	1
4_HSPC_H3K27Ac_peak_19783_lociStitched	chr14	52777897	52792626	4	3003	12487.2462	812	1
4_HSPC_H3K27Ac_peak_21062_lociStitched	chr14	101165239	101184337	4	3069	12480.543	813	1
6_HSPC_H3K27Ac_peak_14798_lociStitched	chr12	26995950	27023872	6	1756	12478.3418	814	1
4_HSPC_H3K27Ac_peak_21501_lociStitched	chr15	30829363	30846445	4	2121	12468.1518	815	1
7_HSPC_H3K27Ac_peak_9499_lociStitched	chr10	98447495	98469734	7	2886	12451.6161	816	1
7_HSPC_H3K27Ac_peak_54796_lociStitched	chr5	149856276	149868877	7	3325	12448.5279	817	1
6_HSPC_H3K27Ac_peak_61380_lociStitched	chr7	75946828	75976327	6	2208	12436.7784	818	1
4_HSPC_H3K27Ac_peak_32585_lociStitched	chr19	13206297	13210801	4	1041	12433.292	819	1
5_HSPC_H3K27Ac_peak_31494_lociStitched	chr18	74265497	74285659	5	2254	12425.8406	820	1
7_HSPC_H3K27Ac_peak_45904_lociStitched	chr3	43330197	43352697	7	2918	12424.5	821	1
5_HSPC_H3K27Ac_peak_42872_lociStitched	chr21	40284874	40310228	5	2752	12400.6414	822	1
5_HSPC_H3K27Ac_peak_132_lociStitched	chr1	2121107	2145022	5	4107	12383.187	823	1
4_HSPC_H3K27Ac_peak_54261_lociStitched	chr5	133829216	133847166	4	1863	12371.14	824	1
6_HSPC_H3K27Ac_peak_43634_lociStitched	chr22	24540878	24553642	6	3227	12360.6576	825	1
7_HSPC_H3K27Ac_peak_55747_lociStitched	chr6	6385895	6415903	7	3649	12357.2944	826	1
5_HSPC_H3K27Ac_peak_66781_lociStitched	chr9	67297899	67321044	5	2664	12345.543	827	1
7_HSPC_H3K27Ac_peak_44537_lociStitched	chr22	43390118	43401547	7	2506	12334.1768	828	1
6_HSPC_H3K27Ac_peak_3288_lociStitched	chr1	108419081	108443355	6	2250	12326.3372	829	1
7_HSPC_H3K27Ac_peak_32715_lociStitched	chr19	14874484	14896166	7	3607	12326.217	830	1
5_HSPC_H3K27Ac_peak_47688_lociStitched	chr3	129666683	129674151	5	2317	12296.062	831	1
6_HSPC_H3K27Ac_peak_53955_lociStitched	chr5	118608942	118626061	6	1808	12255.4921	832	1
5_HSPC_H3K27Ac_peak_66308_lociStitched	chr9	21047041	21083066	5	4161	12248.5	833	1
7_HSPC_H3K27Ac_peak_42171_lociStitched	chr20	61302926	61324809	7	2574	12245.7268	834	1
6_HSPC_H3K27Ac_peak_25914_lociStitched	chr16	70730425	70749139	6	2325	12231.4704	835	1
5_HSPC_H3K27Ac_peak_19569_lociStitched	chr14	35803100	35822460	5	3132	12221.968	836	1
5_HSPC_H3K27Ac_peak_59739_lociStitched	chr7	2562221	2571049	5	3118	12211.7724	837	1
3_HSPC_H3K27Ac_peak_16908_lociStitched	chr12	117072513	117081231	3	2729	12205.2	838	1
2_HSPC_H3K27Ac_peak_11950_lociStitched	chr11	64035855	64038855	2	2686	12201.9	839	1
5_HSPC_H3K27Ac_peak_20464_lociStitched	chr14	75911722	75926547	5	2297	12189.115	840	1
8_HSPC_H3K27Ac_peak_48991_lociStitched	chr3	186723893	186769566	8	3525	12171.8545	841	1
6_HSPC_H3K27Ac_peak_21487_lociStitched	chr15	30704188	30721273	6	3404	12152.5605	842	1
4_HSPC_H3K27Ac_peak_36495_lociStitched	chr2	65171157	65174726	4	2218	12112.8291	843	1
6_HSPC_H3K27Ac_peak_10589_lociStitched	chr11	3133199	3160040	6	2662	12107.9751	844	1
7_HSPC_H3K27Ac_peak_42647_lociStitched	chr21	35303905	35321761	7	3102	12097.44	845	1
7_HSPC_H3K27Ac_peak_41431_lociStitched	chr20	35463752	35485537	7	3255	12097.2105	846	1
7_HSPC_H3K27Ac_peak_12403_lociStitched	chr11	69249904	69265236	7	2838	12093.8816	847	1
9_HSPC_H3K27Ac_peak_62345_lociStitched	chr7	128750594	128809576	9	4558	12085.4118	848	1
5_HSPC_H3K27Ac_peak_33144_lociStitched	chr19	21769069	21794743	5	3075	12084.7518	849	1
6_HSPC_H3K27Ac_peak_1234_lociStitched	chr1	27840192	27853642	6	2644	12053.89	850	1
5_HSPC_H3K27Ac_peak_42600_lociStitched	chr21	34610357	34619987	5	1676	12038.463	851	1
4_HSPC_H3K27Ac_peak_43939_lociStitched	chr22	31613704	31626593	4	1924	12033.1704	852	1
5_HSPC_H3K27Ac_peak_3529_lociStitched	chr1	114646616	114670042	5	2433	12022.2232	853	1
7_HSPC_H3K27Ac_peak_42590_lociStitched	chr21	34430851	34482353	7	3429	12015.4166	854	1
6_HSPC_H3K27Ac_peak_67476_lociStitched	chr9	95876087	95890103	6	3159	11992.0896	855	1
5_HSPC_H3K27Ac_peak_63203_lociStitched	chr8	1949104	1955479	5	2406	11990.1	856	1
5_HSPC_H3K27Ac_peak_53102_lociStitched	chr5	67536353	67548088	5	2089	11984.9555	857	1
6_HSPC_H3K27Ac_peak_5015_lociStitched	chr1	169661544	169669809	6	1714	11965.2405	858	1
4_HSPC_H3K27Ac_peak_23132_lociStitched	chr15	80260431	80274554	4	3124	11959.3564	859	1
4_HSPC_H3K27Ac_peak_15510_lociStitched	chr12	54697552	54701939	4	1068	11958.962	860	1
5_HSPC_H3K27Ac_peak_32395_lociStitched	chr19	10920211	10931915	5	2255	11955.636	861	1
3_HSPC_H3K27Ac_peak_10617_lociStitched	chr11	3855239	3858911	3	1423	11950.8912	862	1
4_HSPC_H3K27Ac_peak_55896_lociStitched	chr6	10518792	10534299	4	2768	11949.6942	863	1
6_HSPC_H3K27Ac_peak_45288_lociStitched	chr3	16328521	16354225	6	2758	11911.2336	864	1
5_HSPC_H3K27Ac_peak_16727_lociStitched	chr12	111004909	111029589	5	2409	11908.1	865	1
5_HSPC_H3K27Ac_peak_61928_lociStitched	chr7	102233858	102253429	5	2576	11893.2967	866	1
4_HSPC_H3K27Ac_peak_507_lociStitched	chr1	11778979	11792218	4	2934	11882.0025	867	1
7_HSPC_H3K27Ac_peak_48957_lociStitched	chr3	186220386	186246926	7	2957	11863.38	868	1
6_HSPC_H3K27Ac_peak_67259_lociStitched	chr9	90119261	90151295	6	2587	11846.1732	869	1
7_HSPC_H3K27Ac_peak_10797_lociStitched	chr11	9738560	9773952	7	2430	11845.7024	870	1
5_HSPC_H3K27Ac_peak_8743_lociStitched	chr10	72993431	73009952	5	1813	11842.2528	871	1
4_HSPC_H3K27Ac_peak_6047_lociStitched	chr1	208077546	208092045	4	2169	11825.3844	872	1
7_HSPC_H3K27Ac_peak_40707_lociStitched	chr20	5639735	5669684	7	3260	11817.8754	873	1
3_HSPC_H3K27Ac_peak_68130_lociStitched	chr9	123824541	123837812	3	2016	11816.4984	874	1
7_HSPC_H3K27Ac_peak_23621_lociStitched	chr15	94796305	94817180	7	2885	11815.25	875	1
6_HSPC_H3K27Ac_peak_49697_lociStitched	chr4	10173907	10183962	6	2390	11794.515	876	1
7_HSPC_H3K27Ac_peak_24313_lociStitched	chr16	11187063	11209189	7	3131	11793.158	877	1
4_HSPC_H3K27Ac_peak_32567_lociStitched	chr19	13063423	13085971	4	2993	11781.33	878	1
5_HSPC_H3K27Ac_peak_15458_lociStitched	chr12	53759080	53766557	5	2854	11778.5181	879	1
9_HSPC_H3K27Ac_peak_38611_lociStitched	chr2	162813474	162870219	9	2478	11774.5875	880	1
6_HSPC_H3K27Ac_peak_29241_lociStitched	chr17	62233434	62258132	6	2633	11773.5366	881	1
5_HSPC_H3K27Ac_peak_29281_lociStitched	chr17	62905376	62920240	5	2884	11761.8832	882	1
5_HSPC_H3K27Ac_peak_1777_lociStitched	chr1	40516990	40531442	5	2101	11755.2568	883	1
9_HSPC_H3K27Ac_peak_24822_lociStitched	chr16	23960955	23988209	9	3097	11738.2978	884	1
6_HSPC_H3K27Ac_peak_14776_lociStitched	chr12	26426748	26452642	6	2845	11737.7502	885	1
5_HSPC_H3K27Ac_peak_16705_lociStitched	chr12	110783105	110804877	5	2624	11728.5764	886	1
5_HSPC_H3K27Ac_peak_50535_lociStitched	chr4	75186441	75205547	5	2303	11727.2628	887	1
5_HSPC_H3K27Ac_peak_60627_lociStitched	chr7	38350248	38358398	5	1839	11720.515	888	1
10_HSPC_H3K27Ac_peak_64982_lociStitched	chr8	103580394	103614068	10	4049	11715.1846	889	1
6_HSPC_H3K27Ac_peak_42977_lociStitched	chr21	43670857	43689996	6	3501	11699.6707	890	1
4_HSPC_H3K27Ac_peak_63914_lociStitched	chr8	38781879	38797034	4	2392	11695.1135	891	1
9_HSPC_H3K27Ac_peak_40934_lociStitched	chr20	19404476	19445924	9	2987	11688.336	892	1
8_HSPC_H3K27Ac_peak_13269_lociStitched	chr11	112150882	112205581	8	3477	11672.7666	893	1
7_HSPC_H3K27Ac_peak_17290_lociStitched	chr12	125022579	125036770	7	4045	11670.6784	894	1
8_HSPC_H3K27Ac_peak_19135_lociStitched	chr14	20944623	20967559	8	2740	11637.7264	895	1
4_HSPC_H3K27Ac_peak_9087_lociStitched	chr10	81001520	81010214	4	1139	11622.1392	896	1
6_HSPC_H3K27Ac_peak_46808_lociStitched	chr3	72352975	72368598	6	3019	11600.0775	897	1
6_HSPC_H3K27Ac_peak_13379_lociStitched	chr11	117812382	117850671	6	2815	11593.9092	898	1
5_HSPC_H3K27Ac_peak_49_lociStitched	chr1	1072197	1094397	5	3682	11592.84	899	1
6_HSPC_H3K27Ac_peak_64650_lociStitched	chr8	86802070	86848228	6	1913	11590.2738	900	1
7_HSPC_H3K27Ac_peak_52069_lociStitched	chr4	185424886	185468804	7	3727	11572.393	901	1
3_HSPC_H3K27Ac_peak_28180_lociStitched	chr17	38254420	38270279	3	2597	11572.3123	902	1
7_HSPC_H3K27Ac_peak_6976_lociStitched	chr1	244481895	244505713	7	2440	11561.2572	903	1
5_HSPC_H3K27Ac_peak_20935_lociStitched	chr14	95639514	95658437	5	2672	11556.2761	904	1
7_HSPC_H3K27Ac_peak_27747_lociStitched	chr17	28671246	28696324	7	3242	11555.9424	905	1
5_HSPC_H3K27Ac_peak_20454_lociStitched	chr14	75799711	75809201	5	3162	11544.585	906	1
5_HSPC_H3K27Ac_peak_23782_lociStitched	chr15	101779508	101785578	5	2160	11537.856	907	1
6_HSPC_H3K27Ac_peak_22181_lociStitched	chr15	55529519	55544432	6	2130	11530.7316	908	1
4_HSPC_H3K27Ac_peak_38203_lociStitched	chr2	136882554	136902177	4	1595	11530.4748	909	1
4_HSPC_H3K27Ac_peak_1687_lociStitched	chr1	38387543	38397416	4	2705	11524.7529	910	1
9_HSPC_H3K27Ac_peak_30757_lociStitched	chr18	21042550	21079572	9	3293	11513.842	911	1
4_HSPC_H3K27Ac_peak_24847_lociStitched	chr16	25059483	25079055	4	2925	11512.2504	912	1
1_HSPC_H3K27Ac_peak_34089_lociStitched	chr19	47613776	47616358	1	2583	11504.3592	913	1
4_HSPC_H3K27Ac_peak_1434_lociStitched	chr1	32409485	32422330	4	2349	11487.2835	914	1
5_HSPC_H3K27Ac_peak_30737_lociStitched	chr18	20721501	20731777	5	2525	11469.0436	915	1
4_HSPC_H3K27Ac_peak_12154_lociStitched	chr11	65661137	65679774	4	2663	11459.8913	916	1
3_HSPC_H3K27Ac_peak_42244_lociStitched	chr20	62478329	62490366	3	3383	11450.7981	917	1
3_HSPC_H3K27Ac_peak_41785_lociStitched	chr20	47435417	47449550	3	1898	11435.0103	918	1
7_HSPC_H3K27Ac_peak_58572_lociStitched	chr6	129981058	130013168	7	2080	11424.738	919	1
6_HSPC_H3K27Ac_peak_37746_lociStitched	chr2	112356417	112392178	6	4342	11400.6068	920	1
7_HSPC_H3K27Ac_peak_59841_lociStitched	chr7	5594275	5614933	7	2958	11384.6238	921	1
6_HSPC_H3K27Ac_peak_55443_lociStitched	chr5	179193081	179208196	6	2129	11378.572	922	1
6_HSPC_H3K27Ac_peak_50825_lociStitched	chr4	87825248	87849789	6	2824	11369.8453	923	1
2_HSPC_H3K27Ac_peak_54783_lociStitched	chr5	149789652	149799576	2	2613	11357.0256	924	1
6_HSPC_H3K27Ac_peak_38002_lociStitched	chr2	127290347	127295674	6	2472	11353.9678	925	1
3_HSPC_H3K27Ac_peak_31774_lociStitched	chr19	1855042	1857525	3	1884	11325.4596	926	1
9_HSPC_H3K27Ac_peak_52094_lociStitched	chr4	185703920	185741496	9	3345	11325.4064	927	1
5_HSPC_H3K27Ac_peak_63692_lociStitched	chr8	28258355	28277172	5	2734	11316.5438	928	1
6_HSPC_H3K27Ac_peak_8930_lociStitched	chr10	75771512	75799970	6	2346	11309.2092	929	1
5_HSPC_H3K27Ac_peak_22932_lociStitched	chr15	75382266	75402383	5	2759	11303.7423	930	1
4_HSPC_H3K27Ac_peak_1095_lociStitched	chr1	26187979	26202516	4	2595	11302.5175	931	1
7_HSPC_H3K27Ac_peak_36669_lociStitched	chr2	69901182	69941931	7	3301	11295.6228	932	1
8_HSPC_H3K27Ac_peak_45123_lociStitched	chr3	12211366	12236476	8	3039	11294.478	933	1
5_HSPC_H3K27Ac_peak_67125_lociStitched	chr9	80592598	80613198	5	2218	11290.86	934	1
7_HSPC_H3K27Ac_peak_18073_lociStitched	chr13	44959940	44990886	7	2380	11289.1008	935	1
5_HSPC_H3K27Ac_peak_20885_lociStitched	chr14	93499715	93514122	5	2617	11254.7484	936	1
5_HSPC_H3K27Ac_peak_1223_lociStitched	chr1	27754037	27763074	5	2271	11244.7391	937	1
7_HSPC_H3K27Ac_peak_28253_lociStitched	chr17	39821867	39835990	7	3096	11244.7326	938	1
3_HSPC_H3K27Ac_peak_1151_lociStitched	chr1	26867918	26870278	3	1949	11239.028	939	1
7_HSPC_H3K27Ac_peak_57489_lociStitched	chr6	44020388	44042839	7	2895	11238.9706	940	1
6_HSPC_H3K27Ac_peak_47870_lociStitched	chr3	137918359	137941905	6	2741	11238.5058	941	1
3_HSPC_H3K27Ac_peak_4500_lociStitched	chr1	156717532	156719963	3	2059	11195.7274	942	1
9_HSPC_H3K27Ac_peak_35347_lociStitched	chr2	26214268	26250207	9	3517	11194.9985	943	1
3_HSPC_H3K27Ac_peak_3785_lociStitched	chr1	144519309	144538225	3	3015	11185.0308	944	1
7_HSPC_H3K27Ac_peak_23010_lociStitched	chr15	77294405	77314363	7	2726	11168.4968	945	1
6_HSPC_H3K27Ac_peak_1502_lociStitched	chr1	33438427	33464100	6	3250	11167.755	946	1
5_HSPC_H3K27Ac_peak_29996_lociStitched	chr17	78960513	78992625	5	3772	11162.1312	947	1
7_HSPC_H3K27Ac_peak_7338_lociStitched	chr10	6092619	6111267	7	2711	11140.3152	948	1
2_HSPC_H3K27Ac_peak_4443_lociStitched	chr1	156116244	156126127	2	3901	11139.1293	949	1
3_HSPC_H3K27Ac_peak_33941_lociStitched	chr19	45358990	45373746	3	2837	11134.8776	950	1
4_HSPC_H3K27Ac_peak_18993_lociStitched	chr13	111162007	111174864	4	2492	11129.0192	951	1
4_HSPC_H3K27Ac_peak_12130_lociStitched	chr11	65533424	65543806	4	1165	11128.4658	952	1
7_HSPC_H3K27Ac_peak_3303_lociStitched	chr1	108586543	108615389	7	2746	11117.2484	953	1
9_HSPC_H3K27Ac_peak_10649_lociStitched	chr11	4454802	4489572	9	3086	11112.492	954	1
5_HSPC_H3K27Ac_peak_46382_lociStitched	chr3	52218931	52224446	5	2501	11097.8345	955	1
7_HSPC_H3K27Ac_peak_65509_lociStitched	chr8	128902855	128930289	7	1836	11091.5662	956	1
4_HSPC_H3K27Ac_peak_68403_lociStitched	chr9	129230622	129233989	4	2291	11087.8677	957	1
8_HSPC_H3K27Ac_peak_719_lociStitched	chr1	17386491	17401583	8	2717	11074.5096	958	1
8_HSPC_H3K27Ac_peak_13652_lociStitched	chr11	124587930	124629916	8	4049	11067.5096	959	1
4_HSPC_H3K27Ac_peak_7078_lociStitched	chr1	246944597	246949158	4	2709	11054.0396	960	1
7_HSPC_H3K27Ac_peak_5273_lociStitched	chr1	181097510	181122876	7	3154	11036.7466	961	1
4_HSPC_H3K27Ac_peak_26476_lociStitched	chr16	89168287	89182896	4	2781	11035.6386	962	1
11_HSPC_H3K27Ac_peak_6644_lociStitched	chr1	232714627	232766746	11	4299	11028.3804	963	1
9_HSPC_H3K27Ac_peak_57235_lociStitched	chr6	37172947	37208506	9	3229	11016.1782	964	1
7_HSPC_H3K27Ac_peak_28007_lociStitched	chr17	34598485	34621151	7	2596	11015.676	965	1
3_HSPC_H3K27Ac_peak_1514_lociStitched	chr1	33562939	33565956	3	2106	10982.4834	966	1
7_HSPC_H3K27Ac_peak_11915_lociStitched	chr11	63625542	63650291	7	2515	10971.2317	967	1
11_HSPC_H3K27Ac_peak_27103_lociStitched	chr17	8819115	8858812	11	4090	10968.2811	968	1
4_HSPC_H3K27Ac_peak_3467_lociStitched	chr1	112050458	112059876	4	2229	10965.3774	969	1
6_HSPC_H3K27Ac_peak_9510_lociStitched	chr10	98486755	98508603	6	2960	10963.3264	970	1
5_HSPC_H3K27Ac_peak_52583_lociStitched	chr5	36677473	36690569	5	2814	10960.0424	971	1
3_HSPC_H3K27Ac_peak_55642_lociStitched	chr6	2981345	2990953	3	3796	10958.8848	972	1
9_HSPC_H3K27Ac_peak_7783_lociStitched	chr10	22955674	22972956	9	3095	10955.0598	973	1
5_HSPC_H3K27Ac_peak_10158_lociStitched	chr10	126372237	126390491	5	2135	10954.2254	974	1
6_HSPC_H3K27Ac_peak_47378_lociStitched	chr3	122477535	122493574	6	3009	10953.0331	975	1
4_HSPC_H3K27Ac_peak_52349_lociStitched	chr5	14172159	14191568	4	2471	10942.7942	976	1
2_HSPC_H3K27Ac_peak_44150_lociStitched	chr22	37618216	37626211	2	1974	10941.957	977	1
6_HSPC_H3K27Ac_peak_41500_lociStitched	chr20	36903849	36928760	6	2641	10918.4913	978	1
6_HSPC_H3K27Ac_peak_36450_lociStitched	chr2	64863007	64872490	6	3000	10906.3983	979	1
9_HSPC_H3K27Ac_peak_46823_lociStitched	chr3	72522798	72546700	9	3108	10892.1414	980	1
4_HSPC_H3K27Ac_peak_21836_lociStitched	chr15	42392232	42414392	4	2947	10884.992	981	1
6_HSPC_H3K27Ac_peak_35701_lociStitched	chr2	37843207	37881464	6	3194	10880.2908	982	1
4_HSPC_H3K27Ac_peak_43807_lociStitched	chr22	29591161	29599504	4	2465	10876.7691	983	1
5_HSPC_H3K27Ac_peak_21293_lociStitched	chr14	106323643	106332396	5	1585	10854.5953	984	1
6_HSPC_H3K27Ac_peak_4677_lociStitched	chr1	160806217	160825391	6	3280	10852.484	985	1
6_HSPC_H3K27Ac_peak_10320_lociStitched	chr10	134388402	134403362	6	3053	10846	986	1
3_HSPC_H3K27Ac_peak_11417_lociStitched	chr11	46331207	46341229	3	1889	10843.804	987	1
7_HSPC_H3K27Ac_peak_8953_lociStitched	chr10	76497625	76515815	7	3552	10837.602	988	1
3_HSPC_H3K27Ac_peak_55294_lociStitched	chr5	175957457	175962141	3	1381	10837.3708	989	1
5_HSPC_H3K27Ac_peak_49070_lociStitched	chr3	190327607	190337556	5	2162	10805.6089	990	1
7_HSPC_H3K27Ac_peak_41856_lociStitched	chr20	48621305	48665070	7	2935	10805.5785	991	1
5_HSPC_H3K27Ac_peak_10167_lociStitched	chr10	126407071	126429453	5	1830	10792.6004	992	1
3_HSPC_H3K27Ac_peak_29889_lociStitched	chr17	76902739	76914700	3	1558	10781.6454	993	1
8_HSPC_H3K27Ac_peak_35294_lociStitched	chr2	25427109	25452268	8	2486	10775.5997	994	1
6_HSPC_H3K27Ac_peak_21148_lociStitched	chr14	103579353	103590173	6	2972	10760.49	995	1
5_HSPC_H3K27Ac_peak_64796_lociStitched	chr8	96226476	96249115	5	2370	10760.3167	996	1
4_HSPC_H3K27Ac_peak_631_lociStitched	chr1	16160967	16164166	4	1988	10741.2823	997	1
5_HSPC_H3K27Ac_peak_14011_lociStitched	chr12	2466885	2474224	5	2175	10734.0214	998	1
2_HSPC_H3K27Ac_peak_66457_lociStitched	chr9	34124231	34132811	2	2801	10733.58	999	1
2_HSPC_H3K27Ac_peak_65371_lociStitched	chr8	125208292	125211182	2	2609	10727.391	1000	1
5_HSPC_H3K27Ac_peak_2670_lociStitched	chr1	68177605	68202382	5	2401	10711.0971	1001	1
8_HSPC_H3K27Ac_peak_55636_lociStitched	chr6	2918769	2959049	8	3762	10710.452	1002	1
5_HSPC_H3K27Ac_peak_59013_lociStitched	chr6	144655620	144673310	5	2364	10702.45	1003	1
5_HSPC_H3K27Ac_peak_59386_lociStitched	chr6	158973954	158993573	5	2495	10692.355	1004	1
3_HSPC_H3K27Ac_peak_32010_lociStitched	chr19	4368517	4375563	3	2091	10681.736	1005	1
6_HSPC_H3K27Ac_peak_37508_lociStitched	chr2	105257876	105276018	6	3365	10676.567	1006	1
4_HSPC_H3K27Ac_peak_26678_lociStitched	chr17	1655854	1687070	4	3460	10675.872	1007	1
7_HSPC_H3K27Ac_peak_37160_lociStitched	chr2	89867327	89879335	7	2041	10673.9112	1008	1
7_HSPC_H3K27Ac_peak_47340_lociStitched	chr3	121951176	121976177	7	3952	10640.4256	1009	1
6_HSPC_H3K27Ac_peak_4691_lociStitched	chr1	160951888	160984547	6	2748	10637.0363	1010	1
5_HSPC_H3K27Ac_peak_7293_lociStitched	chr10	5325825	5339967	5	2491	10633.3698	1011	1
7_HSPC_H3K27Ac_peak_14381_lociStitched	chr12	9888901	9904637	7	2263	10604.4904	1012	1
6_HSPC_H3K27Ac_peak_7410_lociStitched	chr10	7069767	7089411	6	2403	10586.1516	1013	1
2_HSPC_H3K27Ac_peak_44788_lociStitched	chr22	50628407	50631297	2	2557	10581.157	1014	1
8_HSPC_H3K27Ac_peak_28341_lociStitched	chr17	40661240	40682811	8	3355	10571.9471	1015	1
3_HSPC_H3K27Ac_peak_45791_lociStitched	chr3	39391565	39404131	3	2639	10570.5192	1016	1
5_HSPC_H3K27Ac_peak_15660_lociStitched	chr12	57315612	57348265	5	2904	10569.7761	1017	1
3_HSPC_H3K27Ac_peak_69216_lociStitched	chrUn_gl000220	97090	105290	3	1484	10561.6	1018	1
8_HSPC_H3K27Ac_peak_5965_lociStitched	chr1	206930769	206956445	8	2665	10555.4036	1019	1
3_HSPC_H3K27Ac_peak_38077_lociStitched	chr2	129228699	129232291	3	2811	10551.1408	1020	1
5_HSPC_H3K27Ac_peak_1636_lociStitched	chr1	36830732	36840926	5	1920	10546.7124	1021	1
5_HSPC_H3K27Ac_peak_42956_lociStitched	chr21	43538221	43546480	5	1898	10544.2653	1022	1
8_HSPC_H3K27Ac_peak_35101_lociStitched	chr2	11828268	11878962	8	3149	10539.2826	1023	1
6_HSPC_H3K27Ac_peak_24314_lociStitched	chr16	11222131	11254498	6	1844	10532.2218	1024	1
6_HSPC_H3K27Ac_peak_46694_lociStitched	chr3	69140539	69155284	6	2589	10527.93	1025	1
7_HSPC_H3K27Ac_peak_45500_lociStitched	chr3	27375523	27402253	7	2927	10526.274	1026	1
7_HSPC_H3K27Ac_peak_8797_lociStitched	chr10	73619935	73656138	7	2721	10509.7309	1027	1
9_HSPC_H3K27Ac_peak_47606_lociStitched	chr3	128734057	128773359	9	3852	10505.4246	1028	1
3_HSPC_H3K27Ac_peak_31638_lociStitched	chr19	698928	704681	3	1326	10496.9238	1029	1
5_HSPC_H3K27Ac_peak_41032_lociStitched	chr20	23123407	23142433	5	1935	10477.6182	1030	1
6_HSPC_H3K27Ac_peak_20411_lociStitched	chr14	75398416	75409447	6	3151	10477.2438	1031	1
4_HSPC_H3K27Ac_peak_29915_lociStitched	chr17	77789078	77812628	4	2808	10472.685	1032	1
5_HSPC_H3K27Ac_peak_42594_lociStitched	chr21	34571297	34589346	5	2896	10472.0298	1033	1
4_HSPC_H3K27Ac_peak_65778_lociStitched	chr8	142128854	142132049	4	2420	10468.4175	1034	1
3_HSPC_H3K27Ac_peak_30033_lociStitched	chr17	79419873	79423220	3	3076	10467.7425	1035	1
8_HSPC_H3K27Ac_peak_24994_lociStitched	chr16	29106429	29141483	8	2916	10456.6082	1036	1
3_HSPC_H3K27Ac_peak_68494_lociStitched	chr9	130823719	130835320	3	2333	10445.5404	1037	1
5_HSPC_H3K27Ac_peak_61632_lociStitched	chr7	92311588	92333374	5	1492	10418.0652	1038	1
7_HSPC_H3K27Ac_peak_69804_lociStitched	chrX	40007605	40017543	7	2322	10411.0488	1039	1
3_HSPC_H3K27Ac_peak_39168_lociStitched	chr2	191885227	191903266	3	1954	10410.3069	1040	1
6_HSPC_H3K27Ac_peak_41817_lociStitched	chr20	48292960	48308032	6	1712	10396.6656	1041	1
7_HSPC_H3K27Ac_peak_1959_lociStitched	chr1	44229376	44264261	7	2146	10392.2415	1042	1
4_HSPC_H3K27Ac_peak_15399_lociStitched	chr12	52591412	52597576	4	2381	10388.8056	1043	1
4_HSPC_H3K27Ac_peak_14825_lociStitched	chr12	27382197	27413602	4	3281	10379.3525	1044	1
8_HSPC_H3K27Ac_peak_42857_lociStitched	chr21	40194781	40234468	8	2651	10378.1505	1045	1
5_HSPC_H3K27Ac_peak_12498_lociStitched	chr11	72447616	72452486	5	2043	10376.509	1046	1
9_HSPC_H3K27Ac_peak_28795_lociStitched	chr17	48987490	49028033	9	3699	10370.8994	1047	1
3_HSPC_H3K27Ac_peak_70673_lociStitched	chrX	118811513	118820546	3	1984	10356.3345	1048	1
5_HSPC_H3K27Ac_peak_53885_lociStitched	chr5	111100917	111117049	5	2084	10337.3856	1049	1
7_HSPC_H3K27Ac_peak_63296_lociStitched	chr8	8912144	8947081	7	3253	10334.3646	1050	1
4_HSPC_H3K27Ac_peak_17460_lociStitched	chr12	133234437	133241309	4	1837	10330.6776	1051	1
7_HSPC_H3K27Ac_peak_16448_lociStitched	chr12	102157153	102172035	7	2344	10326.6198	1052	1
4_HSPC_H3K27Ac_peak_65261_lociStitched	chr8	121076609	121079329	4	2074	10326.48	1053	1
5_HSPC_H3K27Ac_peak_57350_lociStitched	chr6	41902795	41907179	5	1649	10312.0448	1054	1
6_HSPC_H3K27Ac_peak_7589_lociStitched	chr10	14645328	14660585	6	2550	10289.3208	1055	1
3_HSPC_H3K27Ac_peak_66165_lociStitched	chr9	6673412	6689926	3	2689	10281.6164	1056	1
4_HSPC_H3K27Ac_peak_18140_lociStitched	chr13	46734281	46752270	4	1440	10241.1377	1057	1
5_HSPC_H3K27Ac_peak_58871_lociStitched	chr6	139740720	139764169	5	2013	10233.1436	1058	1
4_HSPC_H3K27Ac_peak_52049_lociStitched	chr4	185264616	185276477	4	2375	10212.321	1059	1
3_HSPC_H3K27Ac_peak_25136_lociStitched	chr16	30462064	30471178	3	1626	10180.338	1060	1
5_HSPC_H3K27Ac_peak_23706_lociStitched	chr15	99320101	99357026	5	3160	10180.2225	1061	1
3_HSPC_H3K27Ac_peak_26422_lociStitched	chr16	88747752	88767349	3	2239	10174.7624	1062	1
7_HSPC_H3K27Ac_peak_63400_lociStitched	chr8	13068700	13097039	7	2260	10170.8671	1063	1
5_HSPC_H3K27Ac_peak_59758_lociStitched	chr7	2796969	2811675	5	2478	10155.9636	1064	1
5_HSPC_H3K27Ac_peak_38293_lociStitched	chr2	145127911	145138108	5	1711	10148.0544	1065	1
3_HSPC_H3K27Ac_peak_50320_lociStitched	chr4	55683903	55698287	3	2717	10139.2816	1066	1
5_HSPC_H3K27Ac_peak_16912_lociStitched	chr12	117114145	117127461	5	2313	10124.1548	1067	1
7_HSPC_H3K27Ac_peak_42179_lociStitched	chr20	61358974	61384259	7	3920	10119.057	1068	1
3_HSPC_H3K27Ac_peak_13977_lociStitched	chr12	1905544	1922129	3	2006	10118.5085	1069	1
6_HSPC_H3K27Ac_peak_54269_lociStitched	chr5	133870987	133892684	6	3421	10117.3111	1070	1
5_HSPC_H3K27Ac_peak_4105_lociStitched	chr1	150533618	150540942	5	2671	10103.458	1071	1
5_HSPC_H3K27Ac_peak_70421_lociStitched	chrX	78394705	78430238	5	1936	10098.4786	1072	1
4_HSPC_H3K27Ac_peak_16645_lociStitched	chr12	109231549	109240364	4	2245	10094.938	1073	1
3_HSPC_H3K27Ac_peak_33718_lociStitched	chr19	41915117	41927435	3	2593	10093.3692	1074	1
5_HSPC_H3K27Ac_peak_13704_lociStitched	chr11	126206108	126216790	5	2029	10081.6716	1075	1
5_HSPC_H3K27Ac_peak_369_lociStitched	chr1	8985952	9009577	5	2824	10066.6125	1076	1
6_HSPC_H3K27Ac_peak_63861_lociStitched	chr8	37938522	37950019	6	2510	10056.4259	1077	1
3_HSPC_H3K27Ac_peak_17674_lociStitched	chr13	27546764	27558708	3	1964	10042.5152	1078	1
3_HSPC_H3K27Ac_peak_40215_lociStitched	chr2	238806935	238815091	3	2048	10040.036	1079	1
3_HSPC_H3K27Ac_peak_6251_lociStitched	chr1	221050213	221067634	3	2627	10032.7539	1080	1
5_HSPC_H3K27Ac_peak_70504_lociStitched	chrX	102230687	102241520	5	2621	10029.1914	1081	1
5_HSPC_H3K27Ac_peak_26656_lociStitched	chr17	1459872	1492359	5	2708	10028.7369	1082	1
4_HSPC_H3K27Ac_peak_40609_lociStitched	chr20	4006216	4019757	4	2800	10027.1105	1083	1
4_HSPC_H3K27Ac_peak_44906_lociStitched	chr3	4778076	4783910	4	2420	10026.8958	1084	1
4_HSPC_H3K27Ac_peak_28105_lociStitched	chr17	37054517	37063343	4	2127	10026.336	1085	1
4_HSPC_H3K27Ac_peak_68559_lociStitched	chr9	131660815	131674222	4	2153	10023.0732	1086	1
3_HSPC_H3K27Ac_peak_42695_lociStitched	chr21	36356889	36372050	3	1407	10016.8727	1087	1
3_HSPC_H3K27Ac_peak_70758_lociStitched	chrX	128907163	128920334	3	2443	10003.3745	1088	1
3_HSPC_H3K27Ac_peak_65114_lociStitched	chr8	108498050	108507939	3	1329	9995.8012	1089	1
5_HSPC_H3K27Ac_peak_31039_lociStitched	chr18	43622626	43642351	5	2068	9992.685	1090	1
3_HSPC_H3K27Ac_peak_45274_lociStitched	chr3	15842018	15853722	3	1084	9989.364	1091	1
6_HSPC_H3K27Ac_peak_9866_lociStitched	chr10	111828494	111843796	6	2461	9989.1456	1092	1
7_HSPC_H3K27Ac_peak_35838_lociStitched	chr2	43031302	43063896	7	3055	9986.8016	1093	1
5_HSPC_H3K27Ac_peak_16903_lociStitched	chr12	117029689	117039835	5	2647	9984.6786	1094	1
8_HSPC_H3K27Ac_peak_23359_lociStitched	chr15	89610797	89623193	8	2329	9972.582	1095	1
2_HSPC_H3K27Ac_peak_22900_lociStitched	chr15	75126061	75138223	2	2626	9958.2456	1096	1
3_HSPC_H3K27Ac_peak_46419_lociStitched	chr3	52525218	52532825	3	1990	9955.2809	1097	1
5_HSPC_H3K27Ac_peak_18301_lociStitched	chr13	50104084	50126435	5	3074	9950.6652	1098	1
9_HSPC_H3K27Ac_peak_11236_lociStitched	chr11	35071602	35105054	9	4036	9941.9344	1099	1
5_HSPC_H3K27Ac_peak_15910_lociStitched	chr12	66628568	66636536	5	2040	9940.8768	1100	1
5_HSPC_H3K27Ac_peak_13498_lociStitched	chr11	119544141	119565742	5	2869	9938.6201	1101	1
6_HSPC_H3K27Ac_peak_13333_lociStitched	chr11	116798952	116820132	6	2167	9929.184	1102	1
7_HSPC_H3K27Ac_peak_50690_lociStitched	chr4	81046506	81061813	7	3439	9923.5281	1103	1
5_HSPC_H3K27Ac_peak_10260_lociStitched	chr10	131668469	131683047	5	2977	9918.8712	1104	1
5_HSPC_H3K27Ac_peak_29875_lociStitched	chr17	76732453	76756190	5	2364	9912.5712	1105	1
3_HSPC_H3K27Ac_peak_430_lociStitched	chr1	9764333	9778753	3	2284	9910.866	1106	1
4_HSPC_H3K27Ac_peak_14923_lociStitched	chr12	32048816	32060913	4	3483	9909.8624	1107	1
7_HSPC_H3K27Ac_peak_7198_lociStitched	chr10	957543	990692	7	2899	9908.2361	1108	1
6_HSPC_H3K27Ac_peak_24320_lociStitched	chr16	11288758	11297205	6	2414	9864.4066	1109	1
5_HSPC_H3K27Ac_peak_30781_lociStitched	chr18	21598292	21629675	5	1640	9863.6769	1110	1
4_HSPC_H3K27Ac_peak_3278_lociStitched	chr1	108371713	108387837	4	1649	9863.0508	1111	1
4_HSPC_H3K27Ac_peak_10631_lociStitched	chr11	3914904	3935818	4	2206	9860.951	1112	1
4_HSPC_H3K27Ac_peak_54833_lociStitched	chr5	150431664	150443529	4	2299	9857.442	1113	1
4_HSPC_H3K27Ac_peak_54763_lociStitched	chr5	149423438	149433509	4	2586	9841.3812	1114	1
5_HSPC_H3K27Ac_peak_42608_lociStitched	chr21	34673028	34690230	5	2121	9841.2642	1115	1
6_HSPC_H3K27Ac_peak_10973_lociStitched	chr11	16813006	16842407	6	1869	9840.5147	1116	1
5_HSPC_H3K27Ac_peak_49585_lociStitched	chr4	6684607	6698644	5	2717	9839.937	1117	1
4_HSPC_H3K27Ac_peak_34446_lociStitched	chr19	53425948	53440815	4	2937	9834.5205	1118	1
5_HSPC_H3K27Ac_peak_16830_lociStitched	chr12	113631803	113653014	5	2268	9827.0563	1119	1
4_HSPC_H3K27Ac_peak_30105_lociStitched	chr17	80063421	80080716	4	2861	9818.3715	1120	1
3_HSPC_H3K27Ac_peak_55900_lociStitched	chr6	10588987	10599577	3	2499	9810.576	1121	1
3_HSPC_H3K27Ac_peak_12273_lociStitched	chr11	67176094	67188553	3	2444	9810.2166	1122	1
2_HSPC_H3K27Ac_peak_17212_lociStitched	chr12	123753010	123763270	2	2716	9785.988	1123	1
5_HSPC_H3K27Ac_peak_55054_lociStitched	chr5	164615021	164635129	5	2520	9782.542	1124	1
5_HSPC_H3K27Ac_peak_3643_lociStitched	chr1	118155708	118170550	5	2427	9779.3938	1125	1
6_HSPC_H3K27Ac_peak_31478_lociStitched	chr18	74203923	74230919	6	3521	9775.2516	1126	1
5_HSPC_H3K27Ac_peak_8257_lociStitched	chr10	45462574	45470365	5	2720	9747.3201	1127	1
6_HSPC_H3K27Ac_peak_13002_lociStitched	chr11	95097593	95105887	6	2798	9745.45	1128	1
4_HSPC_H3K27Ac_peak_17281_lociStitched	chr12	124983318	125005717	4	1788	9736.8453	1129	1
6_HSPC_H3K27Ac_peak_68384_lociStitched	chr9	128586027	128604109	6	2625	9733.5406	1130	1
